1 0.140700 0.706388 0.103339 0.164619
1 0.031002 0.668305 0.058824 0.127764
1 0.092210 0.570025 0.057234 0.093366
1 0.108108 0.522113 0.047695 0.081081
1 0.044515 0.439803 0.031797 0.054054
1 0.013514 0.417690 0.023847 0.058968
1 0.065183 0.404177 0.034976 0.056511
1 0.103339 0.375921 0.031797 0.049140
1 0.139110 0.422604 0.033386 0.063882
1 0.147059 0.375921 0.027027 0.049140
1 0.173291 0.369779 0.022258 0.046683
1 0.200318 0.382064 0.022258 0.041769
1 0.212242 0.367322 0.027027 0.041769
1 0.219396 0.347666 0.019078 0.031941
1 0.259141 0.367322 0.025437 0.046683
1 0.244833 0.444717 0.038156 0.073710
1 0.232909 0.497543 0.049285 0.085995
1 0.186804 0.572482 0.074722 0.113022
1 0.306836 0.598280 0.066773 0.110565
1 0.302862 0.518428 0.046105 0.063882
1 0.320350 0.453317 0.033386 0.076167
1 0.290143 0.433661 0.033386 0.061425
1 0.304452 0.357494 0.023847 0.031941
1 0.296502 0.334152 0.020668 0.024570
1 0.306041 0.319410 0.017488 0.024570
1 0.323529 0.308354 0.014308 0.031941
1 0.341017 0.328010 0.020668 0.036855
1 0.369634 0.315725 0.017488 0.036855
1 0.355326 0.372236 0.027027 0.056511
1 0.370429 0.415233 0.031797 0.054054
1 0.385533 0.465602 0.039746 0.071253
1 0.413355 0.518428 0.054054 0.093366
1 0.457870 0.455774 0.038156 0.071253
1 0.441176 0.410319 0.033386 0.063882
1 0.410175 0.378378 0.025437 0.054054
1 0.432432 0.355037 0.022258 0.046683
1 0.462639 0.359951 0.025437 0.041769
1 0.484102 0.385749 0.027027 0.049140
1 0.492051 0.355037 0.020668 0.031941
1 0.480922 0.319410 0.017488 0.034398
1 0.509539 0.371007 0.023847 0.049140
1 0.515103 0.423833 0.028617 0.061425
1 0.545310 0.393120 0.028617 0.058968
1 0.538156 0.341523 0.023847 0.044226
1 0.554054 0.331695 0.020668 0.039312
1 0.577901 0.347666 0.017488 0.041769
1 0.569157 0.304668 0.019078 0.034398
1 0.603339 0.336609 0.017488 0.034398
1 0.615262 0.326781 0.019078 0.039312
1 0.736089 0.635135 0.054054 0.115479
1 0.713037 0.525799 0.046105 0.098280
1 0.725755 0.459459 0.036566 0.068796
1 0.735294 0.420147 0.039746 0.063882
1 0.740064 0.319410 0.023847 0.039312
1 0.753577 0.305897 0.019078 0.041769
1 0.802862 0.377150 0.031797 0.046683
1 0.826709 0.426290 0.041335 0.081081
1 0.858506 0.484029 0.047695 0.088452
1 0.868045 0.549140 0.044515 0.095823
1 0.911765 0.642506 0.071542 0.130221
1 0.964229 0.750614 0.071542 0.189189
1 0.980922 0.546683 0.038156 0.100737
1 0.958665 0.466830 0.054054 0.088452
1 0.923688 0.420147 0.038156 0.073710
1 0.884738 0.395577 0.036566 0.073710
1 0.856916 0.353808 0.028617 0.049140
1 0.857711 0.315725 0.027027 0.046683
1 0.803657 0.350123 0.023847 0.041769
1 0.797297 0.331695 0.017488 0.034398
1 0.740064 0.352580 0.020668 0.041769
