1 0.768131 0.553442 0.085802 0.146739
1 0.893769 0.410326 0.038815 0.103261
1 0.544433 0.192935 0.020429 0.041667
1 0.598570 0.158514 0.014300 0.034420
1 0.674157 0.240942 0.018386 0.050725
1 0.679265 0.192935 0.018386 0.034420
1 0.699694 0.186594 0.018386 0.043478
1 0.727273 0.202899 0.016343 0.036232
1 0.686925 0.221920 0.015322 0.038043
1 0.747191 0.275362 0.029622 0.057971
1 0.758938 0.201087 0.016343 0.036232
1 0.767109 0.258152 0.018386 0.041667
1 0.831971 0.230072 0.015322 0.054348
1 0.737998 0.359601 0.029622 0.074275
1 0.842186 0.364130 0.027579 0.068841
1 0.632278 0.232790 0.022472 0.041667
