1 0.118333 0.165904 0.210000 0.318078
1 0.380833 0.482838 0.118333 0.201373
1 0.512500 0.414188 0.091667 0.183066
1 0.612500 0.429062 0.065000 0.125858
1 0.615833 0.355835 0.048333 0.080092
1 0.657500 0.411899 0.045000 0.096110
1 0.657500 0.377574 0.038333 0.064073
1 0.675833 0.345538 0.031667 0.054920
1 0.700000 0.383295 0.033333 0.057208
1 0.715000 0.343249 0.026667 0.050343
1 0.690833 0.724256 0.165000 0.254005
1 0.728333 0.561785 0.110000 0.176201
1 0.771667 0.477117 0.093333 0.139588
1 0.889167 0.344394 0.045000 0.070938
1 0.860000 0.354691 0.033333 0.059497
