1 0.080292 0.476519 0.032847 0.046961
1 0.133212 0.429558 0.029197 0.052486
1 0.151460 0.473757 0.029197 0.058011
1 0.172445 0.446133 0.027372 0.052486
1 0.208942 0.480663 0.031022 0.060773
1 0.210766 0.433702 0.031022 0.055249
1 0.247263 0.469613 0.031022 0.049724
1 0.254562 0.429558 0.023723 0.046961
1 0.298358 0.428177 0.031022 0.055249
1 0.280109 0.495856 0.031022 0.052486
1 0.321168 0.487569 0.029197 0.046961
1 0.343978 0.450276 0.027372 0.049724
1 0.367701 0.490331 0.031022 0.058011
1 0.389599 0.447514 0.027372 0.060773
1 0.399635 0.495856 0.025547 0.052486
1 0.443431 0.500000 0.025547 0.049724
1 0.434307 0.462707 0.025547 0.052486
1 0.458942 0.450276 0.031022 0.055249
1 0.481752 0.444751 0.029197 0.049724
1 0.494526 0.480663 0.029197 0.060773
1 0.535584 0.490331 0.031022 0.052486
1 0.528285 0.453039 0.027372 0.049724
1 0.559307 0.444751 0.023723 0.049724
1 0.568431 0.498619 0.027372 0.052486
1 0.601277 0.506906 0.027372 0.052486
1 0.588504 0.451657 0.023723 0.052486
1 0.613139 0.458564 0.025547 0.049724
1 0.638686 0.458564 0.021898 0.044199
1 0.641423 0.498619 0.031022 0.046961
1 0.678832 0.515193 0.029197 0.052486
1 0.684307 0.464088 0.029197 0.044199
1 0.708942 0.495856 0.020073 0.041436
1 0.721715 0.476519 0.023723 0.041436
1 0.741788 0.484807 0.027372 0.046961
1 0.764599 0.464088 0.021898 0.044199
1 0.783759 0.491713 0.027372 0.049724
1 0.835766 0.477901 0.029197 0.060773
1 0.908759 0.486188 0.032847 0.060773
