1 0.040000 0.346442 0.070000 0.123596
1 0.077500 0.365169 0.025000 0.048689
1 0.112500 0.372659 0.040000 0.071161
1 0.145000 0.344569 0.020000 0.037453
1 0.183750 0.346442 0.042500 0.078652
1 0.233750 0.374532 0.092500 0.157303
1 0.302500 0.359551 0.030000 0.052434
1 0.332500 0.344569 0.025000 0.052434
1 0.348750 0.344569 0.017500 0.037453
1 0.372500 0.355805 0.030000 0.052434
1 0.416250 0.434457 0.112500 0.172285
1 0.470000 0.352060 0.060000 0.082397
1 0.521250 0.340824 0.022500 0.044944
1 0.512500 0.350187 0.015000 0.026217
1 0.551250 0.335206 0.027500 0.048689
1 0.587500 0.367041 0.035000 0.059925
1 0.573750 0.331461 0.022500 0.041199
1 0.627500 0.331461 0.070000 0.131086
1 0.660000 0.344569 0.035000 0.067416
1 0.696250 0.340824 0.032500 0.052434
1 0.752500 0.385768 0.140000 0.239700
1 0.831250 0.331461 0.027500 0.041199
1 0.898750 0.346442 0.092500 0.146067
