1 0.201652 0.447232 0.039845 0.074394
1 0.351798 0.249135 0.023324 0.034602
1 0.384354 0.267301 0.018465 0.046713
1 0.421769 0.279412 0.023324 0.039792
1 0.357629 0.209343 0.013605 0.024221
1 0.404762 0.196367 0.018465 0.025952
1 0.393100 0.121972 0.018465 0.029412
1 0.457726 0.220588 0.021380 0.039792
1 0.500000 0.237024 0.030126 0.038062
1 0.528669 0.179931 0.017493 0.034602
1 0.483965 0.142734 0.017493 0.032872
1 0.519922 0.128893 0.011662 0.025952
1 0.535471 0.126298 0.009718 0.027682
1 0.559767 0.120242 0.017493 0.029412
1 0.587464 0.125433 0.014577 0.036332
1 0.640914 0.138408 0.012634 0.017301
1 0.559281 0.205017 0.024295 0.036332
1 0.606414 0.193772 0.021380 0.034602
1 0.587949 0.253460 0.027211 0.039792
1 0.653547 0.255190 0.024295 0.050173
1 0.662779 0.209343 0.025267 0.038062
1 0.682216 0.196367 0.015549 0.032872
1 0.684645 0.269896 0.024295 0.041522
1 0.738095 0.233564 0.016521 0.044983
1 0.752672 0.285467 0.024295 0.051903
1 0.781827 0.274221 0.034014 0.057093
1 0.842566 0.312284 0.019436 0.053633
1 0.869291 0.317474 0.026239 0.053633
1 0.888241 0.282007 0.027211 0.038062
1 0.940233 0.361592 0.018465 0.055363
1 0.956754 0.308824 0.022352 0.046713
1 0.956754 0.219723 0.014577 0.038062
1 0.913022 0.219723 0.016521 0.031142
1 0.860058 0.235294 0.021380 0.041522
1 0.868319 0.198962 0.016521 0.031142
1 0.852284 0.179066 0.013605 0.032872
1 0.756074 0.145329 0.017493 0.031142
