1 0.085496 0.474277 0.029526 0.047036
1 0.196950 0.464478 0.033095 0.062714
1 0.157690 0.580598 0.029202 0.038217
1 0.226801 0.616610 0.031798 0.047526
1 0.265412 0.622244 0.034393 0.050955
1 0.261518 0.589417 0.021415 0.031357
1 0.238482 0.578638 0.022064 0.030377
1 0.301590 0.603136 0.024335 0.037237
1 0.334199 0.617589 0.032446 0.039686
1 0.374757 0.617099 0.029851 0.046546
1 0.344419 0.586477 0.025633 0.033317
1 0.324302 0.576433 0.017197 0.029887
1 0.395847 0.591622 0.024659 0.043606
1 0.400065 0.578638 0.022064 0.032337
1 0.371999 0.582803 0.018494 0.025968
1 0.431051 0.606320 0.028877 0.039686
1 0.431700 0.583293 0.026282 0.030867
1 0.458631 0.574473 0.030175 0.042626
1 0.460091 0.609995 0.031798 0.048996
1 0.482803 0.640127 0.042829 0.059285
1 0.487021 0.590152 0.024659 0.040666
1 0.520117 0.579618 0.027904 0.036257
1 0.545750 0.627634 0.031798 0.063694
1 0.589714 0.639392 0.037313 0.062714
1 0.590526 0.595786 0.031798 0.049976
1 0.633679 0.611465 0.039585 0.064674
1 0.663692 0.641107 0.037313 0.059285
1 0.659150 0.606320 0.026931 0.039686
1 0.696139 0.620774 0.028877 0.046056
1 0.737346 0.645272 0.047696 0.063694
1 0.718851 0.607055 0.028877 0.049976
1 0.763465 0.609505 0.033744 0.049976
1 0.787962 0.640617 0.044452 0.071044
1 0.794938 0.598236 0.031798 0.050955
1 0.838417 0.608280 0.040234 0.069084
1 0.856911 0.598971 0.031798 0.054385
1 0.871188 0.674179 0.046074 0.081333
1 0.714796 0.469133 0.023361 0.040666
