1 0.872819 0.190554 0.011938 0.035831
1 0.895317 0.219870 0.012856 0.035831
1 0.894858 0.256515 0.015611 0.040717
1 0.919651 0.250814 0.015611 0.039088
1 0.942149 0.196254 0.011019 0.030945
1 0.827365 0.260586 0.018365 0.048860
1 0.754821 0.148208 0.011019 0.029316
1 0.771350 0.149837 0.011019 0.029316
1 0.610193 0.108306 0.010101 0.024430
1 0.628558 0.133550 0.011938 0.029316
1 0.654270 0.122964 0.010101 0.024430
1 0.662534 0.144137 0.011938 0.030945
1 0.430211 0.200326 0.015611 0.042345
1 0.453627 0.203583 0.018365 0.039088
