1 0.100833 0.502513 0.075000 0.120603
1 0.145000 0.472362 0.050000 0.085427
1 0.100833 0.398241 0.035000 0.052764
1 0.026667 0.395729 0.030000 0.042714
1 0.147500 0.389447 0.025000 0.040201
1 0.190833 0.379397 0.025000 0.035176
1 0.248333 0.378141 0.026667 0.042714
1 0.285833 0.376884 0.025000 0.045226
1 0.275000 0.433417 0.043333 0.077889
1 0.317500 0.434673 0.035000 0.060302
1 0.315000 0.380653 0.020000 0.037688
1 0.345833 0.366834 0.021667 0.035176
1 0.363333 0.369347 0.016667 0.040201
1 0.386667 0.356784 0.016667 0.035176
1 0.385833 0.422111 0.031667 0.055276
1 0.459167 0.417085 0.025000 0.055276
1 0.508333 0.413317 0.033333 0.052764
1 0.540833 0.391960 0.021667 0.040201
1 0.574167 0.378141 0.018333 0.037688
1 0.587500 0.391960 0.021667 0.040201
1 0.639167 0.373116 0.021667 0.037688
1 0.706667 0.376884 0.026667 0.035176
1 0.760833 0.385678 0.018333 0.032663
1 0.464167 0.594221 0.115000 0.173367
1 0.647500 0.526382 0.078333 0.143216
1 0.840000 0.492462 0.056667 0.105528
1 0.892500 0.464824 0.045000 0.070352
1 0.883333 0.428392 0.036667 0.057789
1 0.860000 0.409548 0.030000 0.050251
1 0.863333 0.384422 0.023333 0.040201
1 0.828333 0.390704 0.026667 0.042714
1 0.800000 0.386935 0.023333 0.040201
