1 0.609000 0.414414 0.038000 0.060060
1 0.959000 0.723724 0.062000 0.084084
1 0.946000 0.600601 0.048000 0.084084
1 0.919000 0.657658 0.050000 0.078078
1 0.879000 0.638138 0.070000 0.129129
1 0.805000 0.702703 0.082000 0.132132
1 0.751000 0.645646 0.070000 0.102102
1 0.738000 0.570571 0.048000 0.078078
1 0.668000 0.770270 0.100000 0.189189
1 0.466000 0.741742 0.108000 0.174174
1 0.543000 0.684685 0.074000 0.144144
1 0.602000 0.618619 0.060000 0.108108
1 0.677000 0.591592 0.050000 0.078078
1 0.556000 0.578078 0.056000 0.081081
1 0.535000 0.549550 0.042000 0.078078
1 0.507000 0.606607 0.054000 0.084084
1 0.457000 0.632132 0.070000 0.105105
1 0.454000 0.560060 0.048000 0.075075
1 0.262000 0.723724 0.096000 0.156156
1 0.326000 0.623123 0.068000 0.123123
1 0.354000 0.564565 0.032000 0.072072
1 0.374000 0.536036 0.036000 0.069069
1 0.266000 0.567568 0.048000 0.096096
1 0.235000 0.524024 0.038000 0.051051
1 0.234000 0.567568 0.036000 0.054054
1 0.169000 0.591592 0.058000 0.096096
1 0.129000 0.572072 0.042000 0.069069
1 0.101000 0.513514 0.038000 0.060060
1 0.062000 0.527027 0.044000 0.057057
1 0.045000 0.569069 0.066000 0.093093
1 0.060000 0.680180 0.104000 0.141141
