1 0.024000 0.435045 0.036000 0.072508
1 0.073000 0.531722 0.042000 0.066465
1 0.084000 0.481873 0.036000 0.063444
1 0.137000 0.466767 0.038000 0.063444
1 0.183000 0.468278 0.034000 0.060423
1 0.180000 0.533233 0.032000 0.045317
1 0.197000 0.564955 0.042000 0.060423
1 0.234000 0.492447 0.036000 0.060423
1 0.305000 0.480363 0.034000 0.072508
1 0.349000 0.468278 0.034000 0.060423
1 0.394000 0.501511 0.036000 0.066465
1 0.450000 0.480363 0.036000 0.066465
1 0.480000 0.463746 0.036000 0.063444
1 0.514000 0.504532 0.036000 0.066465
1 0.550000 0.487915 0.036000 0.057402
1 0.572000 0.540785 0.036000 0.066465
1 0.617000 0.543807 0.034000 0.054381
1 0.604000 0.492447 0.032000 0.054381
1 0.662000 0.513595 0.028000 0.048338
1 0.674000 0.465257 0.032000 0.066465
1 0.685000 0.555891 0.038000 0.060423
1 0.699000 0.530211 0.034000 0.057402
1 0.726000 0.500000 0.032000 0.063444
1 0.753000 0.530211 0.030000 0.057402
1 0.797000 0.534743 0.038000 0.060423
1 0.801000 0.489426 0.034000 0.054381
1 0.870000 0.522659 0.036000 0.072508
