1 0.841111 0.630137 0.228889 0.308219
1 0.610000 0.458904 0.140000 0.232877
1 0.431111 0.368151 0.128889 0.188356
1 0.326667 0.280822 0.093333 0.157534
1 0.263333 0.261986 0.064444 0.147260
1 0.133333 0.172945 0.062222 0.085616
1 0.081111 0.179795 0.046667 0.085616
1 0.042222 0.176370 0.044444 0.085616
1 0.063333 0.106164 0.046667 0.075342
1 0.016667 0.136986 0.028889 0.068493
1 0.237778 0.128425 0.053333 0.085616
1 0.360000 0.114726 0.053333 0.092466
1 0.328889 0.107877 0.031111 0.065068
1 0.316667 0.090753 0.024444 0.051370
1 0.401111 0.133562 0.037778 0.075342
1 0.421111 0.095890 0.033333 0.061644
1 0.455556 0.113014 0.044444 0.082192
1 0.502222 0.176370 0.040000 0.078767
1 0.535556 0.184932 0.075556 0.116438
1 0.507778 0.116438 0.033333 0.054795
1 0.477778 0.106164 0.031111 0.068493
1 0.555556 0.119863 0.040000 0.068493
1 0.596667 0.138699 0.033333 0.065068
1 0.618889 0.116438 0.028889 0.054795
1 0.636667 0.224315 0.100000 0.147260
1 0.782222 0.263699 0.088889 0.157534
1 0.753333 0.154110 0.062222 0.095890
1 0.703333 0.128425 0.028889 0.065068
1 0.654444 0.142123 0.042222 0.071918
1 0.667778 0.114726 0.033333 0.051370
1 0.958889 0.323630 0.082222 0.174658
1 0.878889 0.172945 0.082222 0.113014
1 0.931111 0.172945 0.044444 0.092466
1 0.883333 0.109589 0.042222 0.054795
1 0.980000 0.075342 0.031111 0.054795
1 0.834444 0.101027 0.028889 0.051370
1 0.807778 0.094178 0.024444 0.051370
1 0.792222 0.097603 0.028889 0.051370
1 0.760000 0.095890 0.031111 0.041096
1 0.745556 0.085616 0.020000 0.041096
1 0.711111 0.095890 0.022222 0.041096
