1 0.060766 0.498319 0.039234 0.078992
1 0.288517 0.233613 0.018182 0.033613
1 0.288517 0.263866 0.016268 0.036975
1 0.303349 0.264706 0.019139 0.038655
1 0.354545 0.261345 0.023923 0.038655
1 0.342584 0.210084 0.015311 0.033613
1 0.356459 0.209244 0.016268 0.038655
1 0.369378 0.221849 0.017225 0.036975
1 0.400478 0.279832 0.022010 0.042017
1 0.389952 0.274790 0.020096 0.052101
1 0.412919 0.213445 0.018182 0.036975
1 0.399522 0.179832 0.016268 0.033613
1 0.387081 0.184874 0.016268 0.036975
1 0.423923 0.189076 0.017225 0.035294
1 0.455502 0.177311 0.015311 0.035294
1 0.468421 0.222689 0.020096 0.045378
1 0.495215 0.221849 0.023923 0.040336
1 0.471770 0.157143 0.017225 0.035294
1 0.476077 0.136134 0.014354 0.026891
1 0.503349 0.157143 0.017225 0.031933
1 0.494258 0.126891 0.012440 0.021849
1 0.487081 0.179832 0.017225 0.036975
1 0.523445 0.180672 0.017225 0.035294
1 0.539713 0.194118 0.024880 0.042017
1 0.549761 0.157143 0.016268 0.031933
1 0.574163 0.139496 0.013397 0.030252
1 0.575598 0.110924 0.016268 0.030252
1 0.580861 0.163025 0.017225 0.030252
1 0.600478 0.116807 0.014354 0.031933
1 0.607177 0.133613 0.016268 0.025210
1 0.627273 0.115966 0.012440 0.030252
1 0.633014 0.136134 0.016268 0.030252
1 0.659330 0.119328 0.015311 0.036975
1 0.696651 0.115126 0.013397 0.028571
1 0.703349 0.141176 0.017225 0.036975
1 0.724402 0.139496 0.017225 0.036975
1 0.685646 0.169748 0.018182 0.030252
1 0.671770 0.200840 0.019139 0.038655
1 0.638278 0.199160 0.022967 0.048739
1 0.590909 0.220168 0.025837 0.053782
1 0.591866 0.283193 0.027751 0.055462
1 0.522967 0.291597 0.025837 0.048739
1 0.621531 0.256303 0.027751 0.055462
1 0.649761 0.300000 0.036364 0.058824
1 0.696172 0.247899 0.029665 0.055462
1 0.720096 0.211765 0.022010 0.043697
1 0.722010 0.175630 0.016268 0.035294
1 0.738756 0.168908 0.017225 0.035294
1 0.763158 0.185714 0.020096 0.042017
1 0.787081 0.197479 0.022010 0.045378
1 0.780383 0.157983 0.016268 0.030252
1 0.766029 0.141176 0.014354 0.026891
1 0.766986 0.111765 0.014354 0.028571
1 0.781340 0.121849 0.014354 0.031933
1 0.791388 0.136975 0.015311 0.035294
1 0.812919 0.159664 0.022010 0.033613
1 0.829187 0.122689 0.018182 0.030252
1 0.831579 0.144538 0.015311 0.030252
1 0.848325 0.144538 0.016268 0.030252
1 0.858852 0.174790 0.016268 0.033613
1 0.865072 0.155462 0.015311 0.035294
1 0.849761 0.207563 0.019139 0.042017
1 0.771770 0.252941 0.025837 0.048739
1 0.741148 0.283193 0.027751 0.062185
1 0.788517 0.298319 0.030622 0.052101
1 0.863158 0.289076 0.028708 0.053782
1 0.882297 0.228571 0.024880 0.050420
1 0.911962 0.207563 0.022967 0.042017
1 0.909569 0.167227 0.014354 0.035294
1 0.913876 0.149580 0.015311 0.026891
1 0.947368 0.233613 0.022967 0.040336
1 0.941148 0.277311 0.023923 0.053782
