1 0.074553 0.367560 0.077535 0.110119
1 0.146123 0.345238 0.065606 0.083333
1 0.151093 0.297619 0.039761 0.059524
1 0.175944 0.266369 0.029821 0.050595
1 0.091451 0.273810 0.035785 0.053571
1 0.061630 0.297619 0.043738 0.053571
1 0.018887 0.267857 0.033797 0.065476
1 0.050696 0.684524 0.093439 0.220238
1 0.347913 0.569940 0.103380 0.175595
1 0.393638 0.404762 0.083499 0.119048
1 0.358847 0.334821 0.041750 0.062500
1 0.340954 0.306548 0.029821 0.047619
1 0.308151 0.266369 0.027833 0.056548
1 0.254473 0.275298 0.027833 0.050595
1 0.233598 0.313988 0.049702 0.080357
1 0.393638 0.284226 0.031809 0.050595
1 0.411531 0.348214 0.055666 0.089286
1 0.473161 0.331845 0.051690 0.086310
1 0.928429 0.232143 0.091451 0.154762
