1 0.017667 0.528141 0.031333 0.053266
1 0.063333 0.641709 0.050667 0.071357
1 0.045000 0.624623 0.032667 0.061307
1 0.223667 0.520101 0.024667 0.043216
1 0.257333 0.510553 0.026667 0.046231
1 0.323667 0.666332 0.062000 0.104523
1 0.395000 0.712563 0.078000 0.116583
1 0.424667 0.659799 0.038667 0.071357
1 0.470333 0.672362 0.051333 0.094472
1 0.460333 0.504523 0.022000 0.038191
1 0.529667 0.665829 0.040667 0.073367
1 0.544667 0.741206 0.077333 0.111558
1 0.569333 0.839698 0.133333 0.189950
1 0.571333 0.678392 0.048000 0.080402
1 0.718667 0.663819 0.050667 0.091457
1 0.754000 0.739196 0.076000 0.105528
1 0.772667 0.812060 0.110667 0.168844
1 0.845333 0.741206 0.069333 0.093467
1 0.826667 0.697487 0.060000 0.086432
1 0.900000 0.548744 0.032000 0.066332
1 0.968667 0.690452 0.062667 0.102513
