1 0.041667 0.391376 0.033333 0.059701
1 0.256019 0.284411 0.017593 0.031509
1 0.296759 0.256219 0.015741 0.034826
1 0.316204 0.274461 0.017593 0.034826
1 0.340741 0.266998 0.016667 0.033167
1 0.423148 0.275290 0.020370 0.043118
1 0.310185 0.231343 0.012963 0.024876
1 0.351389 0.228027 0.017593 0.028192
1 0.341204 0.218905 0.013889 0.029851
1 0.375926 0.219735 0.014815 0.031509
1 0.390741 0.192371 0.014815 0.026534
1 0.406481 0.171642 0.009259 0.021559
1 0.418056 0.190713 0.010185 0.029851
1 0.417593 0.215589 0.012963 0.033167
1 0.442130 0.218076 0.019444 0.041459
1 0.471759 0.222222 0.017593 0.036484
1 0.461111 0.185738 0.012963 0.023217
1 0.484722 0.205638 0.015741 0.033167
1 0.513889 0.208955 0.018519 0.033167
1 0.472685 0.169154 0.013889 0.026534
1 0.448611 0.143449 0.013889 0.021559
1 0.484259 0.126866 0.012963 0.018242
1 0.532870 0.165008 0.017593 0.038143
1 0.529167 0.132670 0.013889 0.029851
1 0.556481 0.136816 0.012963 0.028192
1 0.569907 0.176617 0.015741 0.031509
1 0.568981 0.153400 0.012037 0.024876
1 0.553704 0.112769 0.012963 0.016584
1 0.582870 0.116915 0.012037 0.024876
1 0.590741 0.135158 0.011111 0.024876
1 0.618519 0.145937 0.012963 0.026534
1 0.585648 0.096186 0.010185 0.023217
1 0.614815 0.118574 0.011111 0.014925
1 0.621296 0.099502 0.011111 0.019900
1 0.634722 0.121061 0.012037 0.023217
1 0.646296 0.098673 0.009259 0.024876
1 0.666204 0.117745 0.012037 0.023217
1 0.675926 0.101161 0.014815 0.026534
1 0.496759 0.284411 0.023148 0.054726
1 0.544444 0.291874 0.024074 0.053068
1 0.574074 0.362355 0.029630 0.054726
1 0.674074 0.333333 0.029630 0.059701
1 0.566204 0.240464 0.019444 0.046434
1 0.602315 0.266169 0.026852 0.048093
1 0.591204 0.228027 0.015741 0.034826
1 0.651852 0.204809 0.018519 0.038143
1 0.639352 0.175788 0.013889 0.029851
1 0.691667 0.184909 0.018519 0.041459
1 0.685185 0.145937 0.012963 0.029851
1 0.714815 0.135158 0.014815 0.031509
1 0.725000 0.113599 0.012963 0.031509
1 0.745833 0.129353 0.013889 0.033167
1 0.742593 0.108624 0.011111 0.024876
1 0.762037 0.131012 0.011111 0.029851
1 0.772685 0.122720 0.010185 0.033167
1 0.787963 0.132670 0.011111 0.029851
1 0.801852 0.134328 0.009259 0.019900
1 0.655093 0.255390 0.019444 0.043118
1 0.704167 0.281095 0.025000 0.048093
1 0.733333 0.201493 0.016667 0.028192
1 0.737037 0.168325 0.014815 0.034826
1 0.743056 0.243781 0.021296 0.053068
1 0.771296 0.292703 0.022222 0.051410
1 0.811574 0.248756 0.023148 0.049751
1 0.796296 0.184080 0.016667 0.033167
1 0.756019 0.172471 0.015741 0.026534
1 0.808796 0.165008 0.012037 0.028192
1 0.835185 0.188226 0.014815 0.041459
1 0.826852 0.147595 0.012963 0.029851
1 0.852778 0.124378 0.012963 0.026534
1 0.856481 0.166667 0.012963 0.028192
1 0.859722 0.233002 0.013889 0.031509
1 0.912500 0.284411 0.023148 0.058043
1 0.885648 0.195688 0.015741 0.039801
1 0.888889 0.130182 0.012963 0.034826
1 0.919444 0.187396 0.011111 0.033167
1 0.918056 0.155058 0.012037 0.024876
1 0.885648 0.167496 0.012037 0.019900
