1 0.065000 0.525063 0.100000 0.182957
1 0.333333 0.716792 0.183333 0.310777
1 0.190000 0.895990 0.156667 0.208020
1 0.275000 0.479950 0.080000 0.132832
1 0.208333 0.518797 0.060000 0.100251
1 0.361667 0.535088 0.066667 0.107769
1 0.383333 0.497494 0.043333 0.082707
1 0.500833 0.253133 0.051667 0.095238
1 0.536667 0.392231 0.043333 0.082707
1 0.588333 0.506266 0.060000 0.085213
1 0.540000 0.611529 0.063333 0.120301
1 0.601667 0.685464 0.083333 0.147870
1 0.503333 0.897243 0.140000 0.205514
1 0.787500 0.768170 0.175000 0.318296
1 0.727500 0.566416 0.078333 0.130326
1 0.705833 0.422306 0.045000 0.082707
1 0.815000 0.234336 0.050000 0.067669
1 0.837500 0.511278 0.051667 0.095238
1 0.904167 0.497494 0.055000 0.092732
1 0.890000 0.596491 0.073333 0.115288
1 0.953333 0.686717 0.093333 0.235589
1 0.947500 0.486216 0.041667 0.080201
1 0.639167 0.403509 0.045000 0.080201
