1 0.209381 0.370912 0.047389 0.084337
1 0.308027 0.213425 0.016441 0.034423
1 0.329787 0.222031 0.017408 0.034423
1 0.340909 0.202238 0.014507 0.032702
1 0.351547 0.224613 0.018375 0.032702
1 0.364603 0.254733 0.019342 0.034423
1 0.378143 0.240103 0.013540 0.036145
1 0.368472 0.198795 0.017408 0.039587
1 0.386364 0.208262 0.016441 0.034423
1 0.405706 0.258176 0.024178 0.048193
1 0.412959 0.174699 0.017408 0.036145
1 0.418762 0.145439 0.013540 0.032702
1 0.445841 0.222031 0.023211 0.034423
1 0.440522 0.169535 0.016441 0.036145
1 0.456963 0.154905 0.014507 0.024096
1 0.469536 0.149742 0.012573 0.027539
1 0.477273 0.231497 0.020309 0.039587
1 0.483075 0.173838 0.018375 0.034423
1 0.487911 0.135112 0.012573 0.029260
1 0.501934 0.185026 0.013540 0.036145
1 0.506770 0.120482 0.015474 0.024096
1 0.510155 0.147160 0.014507 0.029260
1 0.527563 0.124785 0.016441 0.029260
1 0.544971 0.197074 0.018375 0.032702
1 0.544971 0.172117 0.012573 0.034423
1 0.558994 0.150602 0.013540 0.029260
1 0.541103 0.131670 0.012573 0.029260
1 0.580754 0.169535 0.016441 0.039587
1 0.575435 0.129948 0.011605 0.029260
1 0.582205 0.114458 0.013540 0.029260
1 0.602515 0.122203 0.015474 0.030981
1 0.613636 0.110155 0.014507 0.027539
1 0.622340 0.127367 0.014507 0.024096
1 0.635397 0.115318 0.015474 0.027539
1 0.659574 0.098107 0.009671 0.027539
1 0.692940 0.104131 0.008704 0.018933
1 0.683269 0.117900 0.012573 0.025818
1 0.667795 0.129948 0.016441 0.029260
1 0.719052 0.110155 0.010638 0.027539
1 0.492263 0.280551 0.023211 0.061962
1 0.542553 0.286575 0.027079 0.056799
1 0.565280 0.249570 0.020309 0.051635
1 0.599613 0.338210 0.027079 0.060241
1 0.618472 0.214286 0.022244 0.039587
1 0.632012 0.237522 0.020309 0.051635
1 0.663443 0.180723 0.017408 0.041308
1 0.682785 0.260757 0.017408 0.043029
1 0.688588 0.307229 0.021277 0.063683
1 0.730174 0.289157 0.017408 0.051635
1 0.703578 0.156627 0.018375 0.034423
1 0.726789 0.144578 0.012573 0.034423
1 0.747099 0.132530 0.012573 0.034423
1 0.713733 0.188468 0.015474 0.032702
1 0.723404 0.234079 0.015474 0.044750
1 0.750000 0.177281 0.018375 0.037866
1 0.759671 0.185026 0.018375 0.039587
1 0.753868 0.260757 0.016441 0.049914
1 0.775629 0.136833 0.011605 0.022375
1 0.789168 0.158348 0.013540 0.037866
1 0.808511 0.154045 0.015474 0.036145
1 0.804642 0.203098 0.019342 0.044750
1 0.803191 0.241824 0.018375 0.043029
1 0.780464 0.314974 0.019342 0.055077
1 0.737427 0.388124 0.031915 0.070568
1 0.808994 0.409639 0.029981 0.068847
1 0.836074 0.345955 0.022244 0.055077
1 0.870890 0.257315 0.016441 0.049914
1 0.884913 0.229776 0.017408 0.043029
1 0.926499 0.218589 0.015474 0.041308
1 0.918762 0.285714 0.019342 0.048193
1 0.913443 0.344234 0.020309 0.055077
1 0.892166 0.426850 0.028046 0.079174
1 0.620406 0.153184 0.016441 0.030981
1 0.469052 0.139415 0.011605 0.027539
