1 0.042067 0.601241 0.079808 0.252140
1 0.128966 0.521190 0.066587 0.101455
1 0.127524 0.448844 0.042067 0.062072
1 0.196995 0.403039 0.047356 0.073202
1 0.234615 0.469606 0.051442 0.094178
1 0.294712 0.406678 0.037019 0.073630
1 0.346635 0.427012 0.050000 0.104024
1 0.366226 0.382705 0.034375 0.057363
1 0.398918 0.357021 0.028125 0.059932
1 0.624760 0.374144 0.033654 0.062500
1 0.645793 0.393193 0.035817 0.058647
1 0.691827 0.387842 0.039904 0.094178
1 0.714784 0.365796 0.029567 0.067209
1 0.766947 0.371789 0.042067 0.067209
1 0.795553 0.457406 0.052163 0.089469
1 0.699038 0.494649 0.061058 0.127140
1 0.890264 0.430009 0.066106 0.127140
1 0.833894 0.392123 0.041346 0.068493
1 0.808774 0.366866 0.029567 0.057363
1 0.955409 0.540454 0.089183 0.241010
