1 0.189297 0.419556 0.043131 0.081831
1 0.279153 0.249653 0.013578 0.027739
1 0.290735 0.252427 0.017572 0.038835
1 0.308307 0.271845 0.017572 0.038835
1 0.315895 0.239945 0.018371 0.038835
1 0.334265 0.276699 0.024760 0.042996
1 0.337061 0.249653 0.019169 0.038835
1 0.331470 0.213592 0.019169 0.033287
1 0.398962 0.260055 0.021565 0.045770
1 0.415735 0.262136 0.021565 0.049931
1 0.395367 0.221914 0.020767 0.044383
1 0.407348 0.189320 0.017572 0.031900
1 0.398962 0.176838 0.015176 0.029126
1 0.422923 0.179612 0.018371 0.037448
1 0.434105 0.226075 0.021565 0.044383
1 0.464856 0.225381 0.022364 0.042996
1 0.466054 0.154646 0.019968 0.034674
1 0.480831 0.203883 0.019169 0.038835
1 0.501997 0.187240 0.018371 0.036061
1 0.442093 0.162968 0.015176 0.026352
1 0.444888 0.148405 0.012780 0.022191
1 0.496006 0.128294 0.014377 0.029126
1 0.513978 0.151872 0.015176 0.029126
1 0.521565 0.127601 0.014377 0.027739
1 0.547524 0.143551 0.015176 0.026352
1 0.563498 0.162968 0.021565 0.042996
1 0.547125 0.200416 0.019169 0.045770
1 0.587061 0.149792 0.015974 0.030513
1 0.621805 0.144938 0.015176 0.031900
1 0.590655 0.108877 0.011981 0.029126
1 0.601438 0.108183 0.014377 0.027739
1 0.622604 0.126214 0.011981 0.022191
1 0.645367 0.117892 0.017572 0.033287
1 0.664936 0.122746 0.015176 0.031900
1 0.656150 0.168516 0.019968 0.042996
1 0.624601 0.199723 0.020767 0.047157
1 0.601837 0.248960 0.027955 0.059639
1 0.555112 0.259362 0.025559 0.047157
1 0.539936 0.314147 0.033546 0.056865
1 0.490815 0.298197 0.034345 0.052705
1 0.664137 0.238558 0.023163 0.049931
1 0.670527 0.203883 0.019968 0.044383
1 0.687700 0.160194 0.017572 0.037448
1 0.720447 0.153953 0.019169 0.038835
1 0.738818 0.186546 0.020767 0.042996
1 0.740016 0.231623 0.021565 0.047157
1 0.713658 0.263523 0.029553 0.058252
1 0.712061 0.217060 0.023163 0.040222
1 0.706470 0.312760 0.032748 0.065187
1 0.757188 0.370319 0.038339 0.069348
1 0.781949 0.293343 0.036741 0.059639
1 0.767572 0.156033 0.019169 0.034674
1 0.750000 0.138696 0.017572 0.036061
1 0.786342 0.140777 0.016773 0.029126
1 0.803914 0.172677 0.015176 0.037448
1 0.810703 0.237171 0.022364 0.052705
1 0.783546 0.211512 0.020767 0.040222
1 0.826677 0.214286 0.019169 0.040222
1 0.839856 0.181692 0.016773 0.036061
1 0.875799 0.148405 0.016773 0.033287
1 0.884185 0.185160 0.015974 0.034674
1 0.882588 0.218447 0.020767 0.037448
1 0.882987 0.261442 0.024760 0.048544
1 0.856230 0.313454 0.028754 0.063800
1 0.920927 0.262829 0.023962 0.062413
