1 0.065068 0.479545 0.054795 0.068182
1 0.125000 0.472727 0.051370 0.072727
1 0.217466 0.465909 0.051370 0.068182
1 0.191781 0.431818 0.041096 0.054545
1 0.327055 0.370455 0.051370 0.068182
1 0.306507 0.454545 0.051370 0.081818
1 0.357877 0.234091 0.051370 0.068182
1 0.470890 0.393182 0.037671 0.050000
1 0.469178 0.561364 0.089041 0.131818
1 0.542808 0.722727 0.126712 0.200000
1 0.756849 0.897727 0.130137 0.177273
1 0.712329 0.559091 0.075342 0.118182
1 0.585616 0.479545 0.061644 0.104545
1 0.678082 0.375000 0.061644 0.095455
1 0.726027 0.436364 0.054795 0.100000
1 0.821918 0.472727 0.068493 0.090909
1 0.871575 0.368182 0.058219 0.090909
1 0.919521 0.363636 0.044521 0.072727
1 0.782534 0.363636 0.030822 0.054545
1 0.746575 0.195455 0.047945 0.063636
