1 0.055621 0.255297 0.018935 0.036017
1 0.078107 0.238347 0.016568 0.027542
1 0.162722 0.305085 0.036686 0.088983
1 0.166864 0.450212 0.037870 0.086864
1 0.333136 0.154661 0.020118 0.029661
1 0.528402 0.151483 0.022485 0.048729
1 0.462722 0.173729 0.021302 0.038136
1 0.628994 0.201271 0.024852 0.055085
1 0.565089 0.059322 0.013018 0.025424
1 0.592308 0.060381 0.013018 0.027542
1 0.613018 0.063559 0.016568 0.025424
1 0.742012 0.076271 0.014201 0.033898
1 0.798225 0.096398 0.015385 0.036017
1 0.907101 0.168432 0.013018 0.031780
1 0.938462 0.190678 0.011834 0.029661
1 0.927811 0.238347 0.018935 0.036017
1 0.930178 0.172669 0.007101 0.023305
