1 0.124167 0.461631 0.048333 0.074341
1 0.175833 0.461631 0.038333 0.059952
1 0.258333 0.500000 0.066667 0.103118
1 0.363333 0.684652 0.160000 0.218225
1 0.370000 0.460432 0.033333 0.047962
1 0.420833 0.452038 0.035000 0.045564
1 0.466667 0.450839 0.030000 0.038369
1 0.518333 0.473621 0.033333 0.040767
1 0.525833 0.441247 0.038333 0.043165
1 0.571667 0.462830 0.033333 0.047962
1 0.575833 0.384892 0.025000 0.035971
1 0.684167 0.571942 0.095000 0.136691
1 0.763333 0.558753 0.073333 0.105516
1 0.846667 0.533573 0.060000 0.093525
1 0.865000 0.479616 0.040000 0.057554
1 0.880000 0.523981 0.046667 0.083933
1 0.926667 0.522782 0.043333 0.071942
