1 0.412500 0.265766 0.021000 0.033033
1 0.157500 0.399399 0.027000 0.042042
1 0.108000 0.445195 0.030000 0.043544
1 0.101500 0.408408 0.027000 0.039039
1 0.041000 0.475225 0.038000 0.052553
1 0.059000 0.444444 0.028000 0.042042
1 0.036000 0.406907 0.030000 0.048048
1 0.148000 0.531532 0.052000 0.081081
1 0.255000 0.654655 0.098000 0.132132
1 0.429500 0.863363 0.163000 0.222222
1 0.455500 0.593093 0.081000 0.165165
1 0.490000 0.524024 0.046000 0.087087
1 0.513500 0.429429 0.035000 0.048048
1 0.520000 0.391892 0.026000 0.042042
1 0.469500 0.392643 0.021000 0.037538
1 0.451500 0.451952 0.033000 0.048048
1 0.425000 0.473724 0.034000 0.052553
1 0.444500 0.426426 0.023000 0.042042
1 0.405500 0.414414 0.025000 0.039039
1 0.365500 0.455706 0.031000 0.052553
1 0.307000 0.506006 0.038000 0.069069
1 0.336000 0.520270 0.030000 0.055556
1 0.261500 0.510511 0.051000 0.090090
1 0.253000 0.457207 0.036000 0.052553
1 0.319000 0.445195 0.030000 0.043544
1 0.335000 0.406156 0.034000 0.046547
1 0.567000 0.398649 0.024000 0.034535
1 0.584000 0.416667 0.036000 0.034535
1 0.589000 0.447447 0.030000 0.039039
1 0.598000 0.504505 0.040000 0.069069
1 0.630500 0.529279 0.057000 0.085586
1 0.712000 0.597598 0.094000 0.123123
1 0.912000 0.823574 0.176000 0.313814
1 0.961500 0.595345 0.077000 0.160661
1 0.818500 0.515015 0.055000 0.084084
1 0.766500 0.548799 0.053000 0.085586
1 0.848500 0.493994 0.033000 0.057057
1 0.808000 0.449700 0.038000 0.061562
1 0.784000 0.430931 0.032000 0.051051
1 0.726500 0.506757 0.041000 0.070571
1 0.687000 0.514264 0.044000 0.064565
1 0.657500 0.465465 0.029000 0.042042
1 0.649500 0.436186 0.029000 0.037538
1 0.645500 0.397147 0.027000 0.043544
1 0.627500 0.391141 0.019000 0.028529
1 0.732500 0.375375 0.025000 0.039039
1 0.743500 0.406907 0.027000 0.036036
1 0.724000 0.427928 0.030000 0.042042
1 0.736500 0.466967 0.033000 0.045045
1 0.879500 0.378378 0.029000 0.048048
1 0.941500 0.410661 0.031000 0.055556
1 0.944500 0.385135 0.025000 0.037538
1 0.989500 0.379129 0.021000 0.046547
