1 0.167778 0.658333 0.028889 0.043333
1 0.287778 0.658333 0.033333 0.043333
1 0.407778 0.658333 0.028889 0.050000
1 0.508889 0.655000 0.031111 0.056667
1 0.613333 0.660000 0.026667 0.060000
1 0.710000 0.658333 0.037778 0.056667
1 0.853333 0.568333 0.031111 0.063333
1 0.790000 0.841667 0.051111 0.056667
1 0.775556 0.870000 0.035556 0.053333
1 0.743333 0.880000 0.046667 0.066667
1 0.694444 0.928333 0.051111 0.070000
1 0.630000 0.946667 0.086667 0.093333
1 0.680000 0.836667 0.040000 0.053333
1 0.537778 0.858333 0.040000 0.056667
1 0.497778 0.860000 0.044444 0.060000
1 0.460000 0.845000 0.040000 0.063333
1 0.451111 0.911667 0.053333 0.076667
1 0.511111 0.943333 0.062222 0.086667
1 0.351111 0.910000 0.071111 0.073333
1 0.384444 0.868333 0.044444 0.070000
1 0.377778 0.830000 0.040000 0.066667
1 0.343333 0.830000 0.051111 0.080000
1 0.298889 0.830000 0.037778 0.060000
1 0.265556 0.863333 0.046667 0.073333
1 0.197778 0.893333 0.066667 0.106667
1 0.205556 0.838333 0.042222 0.076667
1 0.142222 0.843333 0.048889 0.080000
1 0.114444 0.813333 0.046667 0.073333
1 0.054444 0.933333 0.064444 0.106667
1 0.027778 0.836667 0.051111 0.086667
1 0.063333 0.875000 0.051111 0.076667
