1 0.833469 0.257835 0.012215 0.028490
1 0.842427 0.281339 0.013844 0.032764
1 0.851792 0.267806 0.013029 0.031339
1 0.870928 0.260684 0.010586 0.031339
1 0.888436 0.278490 0.014658 0.035613
1 0.930375 0.316239 0.012215 0.028490
1 0.930782 0.285613 0.009772 0.027066
1 0.925489 0.350427 0.013844 0.042735
1 0.882736 0.336895 0.014658 0.038462
1 0.864414 0.334046 0.013844 0.041311
1 0.907166 0.480769 0.024430 0.066952
1 0.842020 0.463675 0.024430 0.055556
1 0.829397 0.396011 0.020358 0.054131
1 0.814739 0.510684 0.025244 0.066952
1 0.802932 0.244302 0.009772 0.029915
1 0.815961 0.272792 0.011401 0.029915
1 0.798046 0.292023 0.014658 0.034188
1 0.817997 0.344017 0.017101 0.044160
1 0.807410 0.359687 0.023616 0.049858
1 0.770358 0.436610 0.024430 0.064103
1 0.737378 0.254274 0.013844 0.032764
1 0.759365 0.257123 0.012215 0.029915
1 0.763029 0.285613 0.013029 0.041311
1 0.776466 0.238604 0.012215 0.024217
1 0.697883 0.259259 0.013029 0.031339
1 0.706026 0.299145 0.016287 0.042735
1 0.714169 0.414530 0.024430 0.059829
1 0.691368 0.527778 0.030945 0.075499
1 0.626629 0.482194 0.028502 0.069801
1 0.663274 0.366809 0.021987 0.047009
1 0.637215 0.353276 0.017101 0.042735
1 0.594055 0.399573 0.021987 0.049858
1 0.573290 0.460114 0.027687 0.065527
1 0.675489 0.320513 0.020358 0.037037
1 0.684039 0.358974 0.019544 0.048433
1 0.662052 0.209402 0.009772 0.019943
1 0.676303 0.217236 0.012215 0.024217
1 0.663681 0.281339 0.014658 0.038462
1 0.633143 0.222934 0.012215 0.027066
1 0.605456 0.207977 0.008958 0.022792
1 0.593648 0.252137 0.011401 0.028490
1 0.598127 0.231481 0.010586 0.027066
1 0.559446 0.218661 0.009772 0.024217
1 0.567182 0.247863 0.013844 0.037037
1 0.544788 0.245726 0.011401 0.035613
1 0.549267 0.275641 0.013844 0.038462
1 0.503257 0.269943 0.013029 0.029915
1 0.514658 0.279915 0.016287 0.038462
1 0.496743 0.327635 0.014658 0.042735
1 0.526873 0.384615 0.021173 0.051282
1 0.539495 0.410256 0.026873 0.056980
1 0.468648 0.413105 0.028502 0.062678
1 0.438518 0.264245 0.012215 0.029915
1 0.457248 0.247863 0.013844 0.028490
1 0.453990 0.277778 0.015472 0.034188
1 0.461726 0.320513 0.019544 0.039886
1 0.444218 0.351140 0.020358 0.041311
1 0.404723 0.334758 0.017915 0.037037
1 0.428746 0.314103 0.017101 0.044160
1 0.387215 0.267806 0.015472 0.034188
1 0.348127 0.299858 0.012215 0.027066
1 0.381515 0.339744 0.013844 0.038462
1 0.401466 0.301994 0.011401 0.028490
1 0.313518 0.391026 0.022801 0.047009
1 0.283388 0.316239 0.014658 0.031339
1 0.293567 0.360399 0.018730 0.045584
1 0.257329 0.362536 0.017915 0.044160
1 0.225977 0.344729 0.013844 0.034188
1 0.142915 0.543447 0.033388 0.075499
