1 0.041000 0.492492 0.078000 0.126126
1 0.028000 0.399399 0.052000 0.120120
1 0.172000 0.373874 0.080000 0.123123
1 0.247000 0.301802 0.058000 0.087087
1 0.304000 0.379880 0.076000 0.099099
1 0.315000 0.560060 0.154000 0.243243
1 0.415000 0.351351 0.054000 0.090090
1 0.351000 0.309309 0.050000 0.090090
1 0.442000 0.258258 0.044000 0.084084
1 0.482000 0.297297 0.040000 0.078078
1 0.521000 0.345345 0.050000 0.096096
1 0.601000 0.324324 0.046000 0.084084
1 0.592000 0.297297 0.048000 0.078078
1 0.707000 0.307808 0.050000 0.087087
1 0.730000 0.252252 0.032000 0.060060
1 0.628000 0.500000 0.104000 0.177177
1 0.678000 0.430931 0.080000 0.105105
1 0.885000 0.376877 0.082000 0.129129
1 0.861000 0.276276 0.050000 0.072072
1 0.899000 0.064565 0.062000 0.117117
1 0.982000 0.246246 0.036000 0.078078
