1 0.879682 0.158163 0.011351 0.030612
1 0.842225 0.156122 0.011351 0.030612
1 0.910329 0.174490 0.011351 0.030612
1 0.938706 0.172449 0.011351 0.030612
1 0.892168 0.197959 0.015891 0.036735
1 0.863791 0.191837 0.011351 0.032653
1 0.851305 0.193878 0.015891 0.036735
1 0.885358 0.246939 0.015891 0.044898
1 0.875142 0.286735 0.015891 0.055102
1 0.906924 0.321429 0.020431 0.055102
1 0.920545 0.248980 0.013621 0.040816
1 0.930193 0.238776 0.014756 0.040816
1 0.937003 0.218367 0.012486 0.032653
1 0.933031 0.286735 0.020431 0.046939
1 0.905221 0.419388 0.030647 0.075510
1 0.819523 0.356122 0.029512 0.067347
1 0.849603 0.307143 0.021566 0.055102
1 0.789444 0.290816 0.021566 0.055102
1 0.792281 0.208163 0.015891 0.040816
1 0.809308 0.248980 0.015891 0.040816
1 0.834847 0.240816 0.014756 0.040816
1 0.812713 0.171429 0.011351 0.032653
1 0.814983 0.193878 0.015891 0.040816
1 0.828604 0.176531 0.013621 0.034694
1 0.711691 0.163265 0.013621 0.032653
1 0.738933 0.176531 0.013621 0.034694
1 0.757094 0.128571 0.013621 0.028571
1 0.754257 0.153061 0.012486 0.036735
1 0.780931 0.144898 0.011351 0.024490
1 0.774120 0.183673 0.013621 0.036735
1 0.708854 0.195918 0.017026 0.040816
1 0.709989 0.241837 0.019296 0.051020
1 0.732123 0.341837 0.027242 0.067347
1 0.688422 0.332653 0.026107 0.065306
1 0.632236 0.224490 0.018161 0.044898
1 0.638479 0.248980 0.019296 0.044898
1 0.670261 0.278571 0.019296 0.046939
1 0.662883 0.192857 0.015891 0.038776
1 0.672531 0.222449 0.017026 0.040816
1 0.702611 0.126531 0.009081 0.024490
1 0.681612 0.115306 0.010216 0.022449
1 0.645857 0.106122 0.009081 0.020408
1 0.640749 0.121429 0.010216 0.022449
1 0.661180 0.113265 0.010216 0.018367
1 0.666288 0.125510 0.009081 0.022449
1 0.648127 0.144898 0.013621 0.032653
1 0.629398 0.143878 0.010216 0.030612
1 0.631669 0.155102 0.012486 0.032653
1 0.610670 0.108163 0.011351 0.024490
1 0.585698 0.116327 0.011351 0.028571
1 0.603859 0.125510 0.011351 0.034694
1 0.578888 0.142857 0.011351 0.028571
1 0.555051 0.120408 0.009081 0.020408
1 0.600454 0.145918 0.013621 0.030612
1 0.580590 0.178571 0.012486 0.034694
1 0.552781 0.166327 0.013621 0.034694
1 0.561294 0.187755 0.017026 0.036735
1 0.543700 0.138776 0.013621 0.028571
1 0.530079 0.156122 0.013621 0.030612
1 0.506810 0.136735 0.012486 0.024490
1 0.501135 0.160204 0.012486 0.030612
1 0.427923 0.153061 0.011351 0.028571
1 0.460272 0.153061 0.012486 0.028571
1 0.477866 0.182653 0.013621 0.038776
1 0.476163 0.162245 0.012486 0.030612
1 0.419977 0.188776 0.015891 0.038776
1 0.421112 0.204082 0.011351 0.036735
1 0.440409 0.195918 0.015891 0.032653
1 0.444381 0.227551 0.019296 0.038776
1 0.477866 0.233673 0.020431 0.042857
1 0.470488 0.137755 0.010216 0.022449
1 0.496595 0.129592 0.010216 0.022449
1 0.190692 0.397959 0.043133 0.089796
1 0.320091 0.233673 0.015891 0.034694
1 0.328036 0.209184 0.013621 0.030612
1 0.353008 0.197959 0.013621 0.028571
1 0.532917 0.285714 0.019296 0.048980
1 0.580590 0.235714 0.019296 0.042857
1 0.596481 0.274490 0.023837 0.059184
1 0.596481 0.315306 0.028377 0.067347
