1 0.190852 0.224947 0.094637 0.151386
1 0.332808 0.289979 0.044164 0.085288
1 0.459779 0.263326 0.045741 0.074627
1 0.500789 0.266525 0.045741 0.072495
1 0.576498 0.276119 0.045741 0.083156
1 0.617508 0.294243 0.061514 0.102345
1 0.645899 0.255864 0.048896 0.076759
1 0.735016 0.243070 0.037855 0.072495
1 0.746057 0.212154 0.031546 0.044776
1 0.773659 0.270789 0.045741 0.089552
1 0.797319 0.214286 0.036278 0.057569
1 0.837539 0.223881 0.031546 0.059701
1 0.869085 0.230277 0.031546 0.055437
1 0.914826 0.203625 0.031546 0.061834
1 0.940063 0.263326 0.053628 0.091684
1 0.958991 0.236674 0.047319 0.098081
1 0.988959 0.205757 0.022082 0.061834
