1 0.276990 0.247230 0.016548 0.040166
1 0.287628 0.255540 0.017336 0.031856
1 0.310875 0.254848 0.019701 0.036011
1 0.317179 0.292244 0.026005 0.038781
1 0.330969 0.261773 0.018913 0.036011
1 0.330969 0.220914 0.017336 0.040166
1 0.376675 0.252770 0.020489 0.037396
1 0.381797 0.304709 0.027581 0.047091
1 0.376281 0.201524 0.016548 0.034626
1 0.411348 0.227147 0.023641 0.036011
1 0.421592 0.193906 0.018913 0.038781
1 0.461781 0.160665 0.017336 0.036011
1 0.479905 0.220222 0.022065 0.047091
1 0.520095 0.202909 0.023641 0.037396
1 0.509850 0.151662 0.015760 0.034626
1 0.527581 0.178670 0.018125 0.033241
1 0.561072 0.175900 0.018913 0.036011
1 0.559890 0.147507 0.018125 0.031856
1 0.582348 0.149584 0.015760 0.033241
1 0.582348 0.103186 0.015760 0.026316
1 0.610717 0.123269 0.015760 0.027701
1 0.615445 0.144044 0.015760 0.036011
1 0.500788 0.299861 0.022853 0.062327
1 0.546493 0.301247 0.027581 0.059557
1 0.556738 0.259003 0.029157 0.049861
1 0.592199 0.261080 0.024429 0.051247
1 0.596927 0.220914 0.019701 0.042936
1 0.639086 0.182133 0.020489 0.040166
1 0.646966 0.227839 0.025217 0.042936
1 0.643026 0.258310 0.020489 0.045706
1 0.648148 0.306094 0.029157 0.066482
1 0.694247 0.226454 0.023641 0.051247
1 0.718282 0.245845 0.026005 0.056787
1 0.727344 0.183518 0.020489 0.042936
1 0.711190 0.156510 0.018125 0.041551
1 0.676123 0.168283 0.020489 0.037396
1 0.760047 0.134349 0.014972 0.027701
1 0.754137 0.180055 0.020489 0.033241
1 0.770686 0.194598 0.020489 0.040166
1 0.751379 0.220914 0.021277 0.045706
1 0.779748 0.281856 0.029157 0.059557
1 0.756895 0.360111 0.030733 0.066482
1 0.804571 0.236842 0.020489 0.047091
1 0.816785 0.213989 0.018125 0.045706
1 0.800236 0.182825 0.018125 0.044321
1 0.793144 0.142659 0.016548 0.033241
1 0.813239 0.153740 0.015760 0.036011
1 0.833727 0.191828 0.015760 0.040166
1 0.850276 0.163435 0.014184 0.030471
1 0.870764 0.198061 0.015760 0.033241
1 0.860520 0.252770 0.022065 0.059557
1 0.837273 0.294321 0.027581 0.062327
1 0.900709 0.272161 0.022065 0.048476
