1 0.207273 0.401639 0.120000 0.245902
1 0.135455 0.252732 0.078182 0.144809
1 0.250000 0.215847 0.052727 0.081967
1 0.298182 0.232240 0.054545 0.103825
1 0.373636 0.233607 0.067273 0.133880
1 0.441818 0.200820 0.050909 0.090164
1 0.479091 0.349727 0.081818 0.213115
1 0.556364 0.232240 0.058182 0.125683
1 0.505455 0.221311 0.036364 0.087432
1 0.585455 0.226776 0.029091 0.087432
1 0.595455 0.180328 0.027273 0.060109
1 0.707273 0.282787 0.080000 0.172131
1 0.854545 0.284153 0.065455 0.131148
1 0.972727 0.233607 0.054545 0.155738
1 0.810000 0.226776 0.052727 0.103825
