1 0.045015 0.361063 0.020329 0.032590
1 0.368345 0.193825 0.018393 0.037736
1 0.386254 0.277015 0.019361 0.039451
1 0.377057 0.225557 0.018393 0.032590
1 0.454501 0.222985 0.022265 0.041166
1 0.411423 0.162950 0.015489 0.037736
1 0.479671 0.135506 0.014521 0.030875
1 0.511617 0.122642 0.012585 0.025729
1 0.526621 0.130360 0.015489 0.027444
1 0.560019 0.176672 0.016457 0.034305
1 0.558083 0.132075 0.016457 0.034305
1 0.578896 0.123499 0.011617 0.030875
1 0.468538 0.336192 0.032914 0.058319
1 0.530978 0.326758 0.028074 0.060034
1 0.610358 0.247856 0.024201 0.060034
1 0.648596 0.218696 0.021297 0.049743
1 0.672314 0.311321 0.035818 0.066895
1 0.700871 0.187822 0.032914 0.056604
1 0.775895 0.309605 0.030010 0.070326
1 0.833011 0.311321 0.030010 0.063465
1 0.891094 0.306175 0.030010 0.060034
1 0.915295 0.216123 0.020329 0.054889
1 0.921104 0.154374 0.014521 0.030875
1 0.895450 0.150086 0.011617 0.029160
1 0.861084 0.131218 0.016457 0.036021
