1 0.505000 0.480480 0.030000 0.042042
1 0.658000 0.648649 0.048000 0.084084
1 0.813000 0.707207 0.070000 0.111111
1 0.867000 0.635135 0.066000 0.111111
1 0.557000 0.666667 0.050000 0.072072
1 0.498000 0.740240 0.072000 0.147147
1 0.370000 0.893393 0.156000 0.195195
1 0.368000 0.741742 0.064000 0.108108
1 0.445000 0.663664 0.042000 0.072072
1 0.360000 0.656156 0.040000 0.069069
1 0.242000 0.648649 0.040000 0.072072
1 0.202000 0.728228 0.056000 0.087087
1 0.128000 0.690691 0.052000 0.078078
1 0.160000 0.648649 0.028000 0.048048
1 0.100000 0.645646 0.032000 0.048048
1 0.065000 0.635135 0.030000 0.045045
1 0.061000 0.698198 0.054000 0.075075
1 0.052000 0.882883 0.100000 0.174174
1 0.012000 0.672673 0.020000 0.060060
