1 0.104286 0.688312 0.108571 0.147186
1 0.115000 0.885281 0.164286 0.207792
1 0.050000 0.610390 0.085714 0.151515
1 0.057143 0.472944 0.074286 0.127706
1 0.030000 0.449134 0.057143 0.127706
1 0.070714 0.323593 0.052857 0.075758
1 0.081429 0.279221 0.048571 0.069264
1 0.242143 0.307359 0.067143 0.090909
1 0.325714 0.586580 0.091429 0.173160
1 0.404286 0.395022 0.060000 0.132035
1 0.387143 0.307359 0.045714 0.069264
1 0.512143 0.483766 0.075714 0.123377
1 0.485000 0.660173 0.110000 0.177489
1 0.550714 0.835498 0.152857 0.277056
1 0.582143 0.322511 0.058571 0.103896
1 0.618571 0.255411 0.045714 0.086580
1 0.683571 0.274892 0.050000 0.108225
1 0.710000 0.242424 0.040000 0.082251
1 0.759286 0.265152 0.041429 0.088745
1 0.794286 0.206710 0.037143 0.080087
1 0.831429 0.176407 0.040000 0.093074
1 0.797857 0.332251 0.058571 0.110390
1 0.723571 0.443723 0.087143 0.155844
1 0.660714 0.572511 0.078571 0.145022
1 0.755000 0.709957 0.098571 0.168831
1 0.885714 0.570346 0.091429 0.179654
1 0.932857 0.474026 0.082857 0.129870
1 0.866429 0.372294 0.084286 0.134199
1 0.960714 0.333333 0.067143 0.103896
1 0.975714 0.186147 0.040000 0.073593
