1 0.066000 0.444444 0.036000 0.060060
1 0.101000 0.427928 0.042000 0.069069
1 0.128000 0.399399 0.052000 0.084084
1 0.164000 0.439940 0.052000 0.081081
1 0.206000 0.441441 0.060000 0.102102
1 0.172000 0.352853 0.040000 0.063063
1 0.135000 0.295796 0.042000 0.057057
1 0.093000 0.258258 0.038000 0.054054
1 0.083000 0.207207 0.030000 0.048048
1 0.070000 0.162162 0.032000 0.048048
1 0.049000 0.016517 0.030000 0.027027
1 0.014000 0.036036 0.024000 0.042042
1 0.127000 0.108108 0.034000 0.054054
1 0.168000 0.165165 0.028000 0.048048
1 0.190000 0.205706 0.028000 0.057057
1 0.211000 0.261261 0.034000 0.060060
1 0.242000 0.277778 0.032000 0.063063
1 0.255000 0.358859 0.034000 0.069069
1 0.304000 0.291291 0.032000 0.048048
1 0.297000 0.210210 0.038000 0.060060
1 0.236000 0.172673 0.032000 0.051051
1 0.208000 0.027027 0.028000 0.042042
1 0.317000 0.165165 0.034000 0.048048
1 0.356000 0.231231 0.092000 0.162162
1 0.393000 0.162162 0.038000 0.072072
1 0.442000 0.136637 0.032000 0.057057
1 0.471000 0.232733 0.034000 0.057057
1 0.437000 0.312312 0.034000 0.066066
1 0.467000 0.355856 0.042000 0.081081
1 0.517000 0.405405 0.050000 0.096096
1 0.549000 0.426426 0.046000 0.090090
1 0.746000 0.740240 0.084000 0.153153
1 0.794000 0.642643 0.120000 0.216216
1 0.910000 0.695195 0.148000 0.213213
1 0.626000 0.522523 0.064000 0.108108
1 0.611000 0.462462 0.054000 0.090090
1 0.589000 0.429429 0.054000 0.090090
1 0.573000 0.358859 0.038000 0.069069
1 0.526000 0.304805 0.036000 0.057057
1 0.479000 0.204204 0.026000 0.042042
1 0.474000 0.183183 0.032000 0.042042
1 0.479000 0.031532 0.030000 0.045045
1 0.526000 0.052553 0.032000 0.045045
1 0.561000 0.043544 0.030000 0.051051
1 0.550000 0.115616 0.024000 0.045045
1 0.554000 0.157658 0.028000 0.051051
1 0.557000 0.210210 0.030000 0.054054
1 0.573000 0.256757 0.038000 0.069069
1 0.614000 0.307808 0.032000 0.063063
1 0.641000 0.385886 0.046000 0.075075
1 0.621000 0.364865 0.038000 0.063063
1 0.684000 0.375375 0.040000 0.072072
1 0.728000 0.408408 0.052000 0.084084
1 0.709000 0.432432 0.038000 0.060060
1 0.708000 0.312312 0.036000 0.054054
1 0.668000 0.247748 0.032000 0.057057
1 0.651000 0.205706 0.026000 0.045045
1 0.644000 0.162162 0.032000 0.054054
1 0.607000 0.153153 0.030000 0.054054
1 0.663000 0.054054 0.026000 0.042042
1 0.683000 0.142643 0.026000 0.051051
1 0.730000 0.162162 0.036000 0.060060
1 0.744000 0.127628 0.036000 0.051051
1 0.752000 0.031532 0.024000 0.039039
1 0.773000 0.022523 0.026000 0.039039
1 0.754000 0.202703 0.032000 0.057057
1 0.746000 0.264264 0.036000 0.066066
1 0.767000 0.354354 0.038000 0.066066
1 0.796000 0.319820 0.036000 0.075075
1 0.787000 0.421922 0.050000 0.099099
1 0.818000 0.444444 0.044000 0.084084
1 0.803000 0.524024 0.078000 0.105105
1 0.870000 0.486486 0.068000 0.144144
1 0.925000 0.515015 0.086000 0.141141
1 0.934000 0.393393 0.052000 0.072072
1 0.965000 0.354354 0.046000 0.078078
1 0.916000 0.304805 0.032000 0.069069
1 0.924000 0.250751 0.036000 0.069069
1 0.910000 0.180180 0.044000 0.072072
1 0.958000 0.214715 0.032000 0.057057
1 0.983000 0.186186 0.026000 0.048048
1 0.963000 0.133634 0.026000 0.051051
1 0.951000 0.051051 0.022000 0.048048
1 0.877000 0.343844 0.046000 0.069069
1 0.864000 0.406907 0.056000 0.069069
1 0.853000 0.366366 0.038000 0.054054
1 0.823000 0.271772 0.038000 0.069069
1 0.836000 0.202703 0.036000 0.063063
1 0.828000 0.163664 0.036000 0.057057
