1 0.160000 0.341667 0.075000 0.103333
1 0.048750 0.453333 0.037500 0.046667
1 0.243750 0.513333 0.047500 0.080000
1 0.296250 0.555000 0.067500 0.096667
1 0.248750 0.445000 0.037500 0.050000
1 0.270000 0.473333 0.030000 0.040000
1 0.287500 0.421667 0.030000 0.043333
1 0.363750 0.443333 0.047500 0.086667
1 0.400000 0.440000 0.030000 0.053333
1 0.401250 0.405000 0.027500 0.036667
1 0.453750 0.408333 0.032500 0.050000
1 0.432500 0.495000 0.040000 0.063333
1 0.488750 0.505000 0.042500 0.070000
1 0.550000 0.441667 0.035000 0.056667
1 0.508750 0.420000 0.027500 0.046667
1 0.525000 0.406667 0.020000 0.040000
1 0.486250 0.383333 0.022500 0.040000
1 0.556250 0.375000 0.017500 0.036667
1 0.573750 0.403333 0.017500 0.040000
1 0.613750 0.376667 0.027500 0.046667
1 0.640000 0.435000 0.025000 0.050000
1 0.612500 0.460000 0.040000 0.060000
1 0.666250 0.403333 0.027500 0.046667
1 0.717500 0.426667 0.030000 0.046667
1 0.726250 0.396667 0.022500 0.040000
1 0.708750 0.373333 0.027500 0.046667
1 0.780000 0.398333 0.045000 0.070000
1 0.837500 0.390000 0.040000 0.066667
1 0.770000 0.508333 0.065000 0.090000
1 0.771250 0.640000 0.102500 0.166667
1 0.556250 0.613333 0.082500 0.126667
1 0.955000 0.615000 0.090000 0.236667
1 0.922500 0.526667 0.060000 0.113333
1 0.885000 0.476667 0.055000 0.086667
1 0.936250 0.441667 0.042500 0.070000
1 0.912500 0.375000 0.035000 0.070000
