1 0.137500 0.611276 0.141667 0.255193
1 0.095833 0.286350 0.045000 0.103858
1 0.160833 0.272997 0.038333 0.071217
1 0.140000 0.235905 0.036667 0.062315
1 0.232500 0.296736 0.041667 0.071217
1 0.206667 0.283383 0.030000 0.068249
1 0.272500 0.274481 0.035000 0.074184
1 0.268333 0.231454 0.033333 0.065282
1 0.325000 0.258160 0.036667 0.065282
1 0.357500 0.304154 0.048333 0.086053
1 0.273333 0.434718 0.076667 0.127596
1 0.410833 0.569733 0.091667 0.172107
1 0.482500 0.299703 0.038333 0.083086
1 0.453333 0.224036 0.030000 0.068249
1 0.525833 0.280415 0.021667 0.056380
1 0.550000 0.280415 0.026667 0.062315
1 0.569167 0.259644 0.028333 0.074184
1 0.602500 0.339763 0.041667 0.080119
1 0.625000 0.321958 0.040000 0.074184
1 0.596667 0.277448 0.026667 0.050445
1 0.620833 0.259644 0.025000 0.050445
1 0.645833 0.268546 0.031667 0.068249
1 0.673333 0.305638 0.033333 0.053412
1 0.701667 0.336795 0.043333 0.091988
1 0.692500 0.272997 0.025000 0.047478
1 0.716667 0.218101 0.026667 0.050445
1 0.744167 0.313056 0.041667 0.080119
1 0.786667 0.320475 0.046667 0.077151
1 0.796667 0.262611 0.030000 0.068249
1 0.824167 0.289318 0.031667 0.056380
1 0.859167 0.271513 0.028333 0.056380
1 0.880000 0.305638 0.033333 0.065282
1 0.918333 0.408012 0.060000 0.109792
1 0.949167 0.308605 0.038333 0.065282
