1 0.167310 0.437398 0.045323 0.074797
1 0.256509 0.268293 0.021215 0.039024
1 0.279171 0.258537 0.018322 0.035772
1 0.304725 0.256911 0.017358 0.039024
1 0.321119 0.265854 0.021215 0.043902
1 0.315815 0.232520 0.016393 0.026016
1 0.335583 0.221951 0.017358 0.034146
1 0.354388 0.231707 0.018322 0.037398
1 0.367888 0.256911 0.026037 0.042276
1 0.395371 0.291870 0.027001 0.053659
1 0.407907 0.252846 0.025072 0.050407
1 0.369817 0.204065 0.018322 0.030894
1 0.404050 0.216260 0.023144 0.032520
1 0.393443 0.184553 0.017358 0.030894
1 0.418033 0.189431 0.018322 0.030894
1 0.444069 0.196748 0.020251 0.035772
1 0.439248 0.240650 0.022179 0.042276
1 0.477821 0.238211 0.024108 0.043902
1 0.487946 0.192683 0.021215 0.030894
1 0.465767 0.171545 0.019286 0.037398
1 0.497589 0.137398 0.015429 0.024390
1 0.506750 0.156098 0.016393 0.029268
1 0.516876 0.191870 0.021215 0.035772
1 0.540501 0.203252 0.022179 0.042276
1 0.547252 0.165854 0.020251 0.035772
1 0.570878 0.156911 0.017358 0.027642
1 0.577628 0.125203 0.015429 0.032520
1 0.594021 0.171545 0.017358 0.034146
1 0.608968 0.139024 0.014465 0.027642
1 0.608004 0.121951 0.012536 0.026016
1 0.622951 0.135772 0.013500 0.030894
1 0.631630 0.145528 0.017358 0.034146
1 0.654291 0.125203 0.016393 0.032520
1 0.694793 0.117073 0.016393 0.032520
1 0.573288 0.242276 0.031823 0.052033
1 0.493732 0.307317 0.032787 0.061789
1 0.584378 0.291057 0.032787 0.065041
1 0.614754 0.334959 0.033751 0.068293
1 0.634523 0.240650 0.025072 0.052033
1 0.632112 0.201626 0.022179 0.042276
1 0.667310 0.212195 0.023144 0.047154
1 0.677917 0.188618 0.021215 0.048780
1 0.707811 0.196748 0.021215 0.042276
1 0.699132 0.167480 0.019286 0.032520
1 0.729026 0.149593 0.017358 0.035772
1 0.737705 0.173171 0.019286 0.037398
1 0.733848 0.210569 0.023144 0.047154
1 0.754098 0.201626 0.019286 0.045528
1 0.691900 0.250407 0.027965 0.055285
1 0.745419 0.279675 0.028930 0.058537
1 0.806654 0.291057 0.027965 0.058537
1 0.802314 0.223577 0.027001 0.050407
1 0.860656 0.343902 0.027965 0.063415
1 0.751205 0.134146 0.017358 0.030894
1 0.782064 0.162602 0.015429 0.035772
1 0.785921 0.139024 0.021215 0.034146
1 0.805689 0.150407 0.016393 0.034146
1 0.828833 0.179675 0.022179 0.047154
1 0.823529 0.123577 0.017358 0.035772
1 0.856798 0.137398 0.018322 0.040650
1 0.864513 0.186992 0.020251 0.042276
1 0.870781 0.173984 0.019286 0.035772
1 0.849566 0.217073 0.023144 0.043902
1 0.883799 0.261789 0.024108 0.055285
1 0.946480 0.250407 0.024108 0.055285
1 0.910800 0.201626 0.014465 0.035772
1 0.917068 0.173984 0.015429 0.029268
1 0.919479 0.158537 0.014465 0.027642
