1 0.397841 0.206573 0.038206 0.051643
1 0.300664 0.359155 0.039867 0.075117
1 0.323090 0.348592 0.034884 0.063380
1 0.253322 0.380282 0.054817 0.070423
1 0.167774 0.411972 0.066445 0.096244
1 0.201827 0.353286 0.044850 0.068075
1 0.150332 0.342723 0.044850 0.070423
1 0.093023 0.387324 0.053156 0.084507
1 0.077243 0.485915 0.091362 0.140845
1 0.025748 0.400235 0.044850 0.105634
1 0.545681 0.365023 0.051495 0.077465
1 0.549003 0.437793 0.074751 0.133803
1 0.616279 0.449531 0.073090 0.129108
1 0.706811 0.482394 0.101329 0.161972
1 0.697674 0.400235 0.053156 0.082160
1 0.664452 0.365023 0.036545 0.068075
1 0.833056 0.664319 0.137874 0.211268
1 0.856312 0.422535 0.071429 0.126761
1 0.976744 0.489437 0.046512 0.133803
1 0.977575 0.392019 0.041528 0.084507
