1 0.078910 0.564198 0.086083 0.120988
1 0.062410 0.706173 0.110473 0.261728
1 0.065280 0.500000 0.064562 0.091358
1 0.061693 0.437037 0.054519 0.079012
1 0.148494 0.546914 0.076040 0.150617
1 0.172166 0.487654 0.065997 0.106173
1 0.131277 0.456790 0.053085 0.093827
1 0.223816 0.455556 0.040172 0.081481
1 0.261119 0.495062 0.057389 0.086420
1 0.296270 0.592593 0.084648 0.148148
1 0.287661 0.470370 0.038737 0.076543
1 0.317073 0.434568 0.034433 0.069136
1 0.340029 0.445679 0.043042 0.071605
1 0.369440 0.513580 0.058824 0.103704
1 0.375179 0.433333 0.038737 0.066667
1 0.421090 0.470370 0.044476 0.091358
1 0.451937 0.444444 0.031564 0.059259
1 0.431851 0.432099 0.031564 0.059259
1 0.486370 0.428395 0.043042 0.081481
1 0.499283 0.488889 0.045911 0.074074
1 0.505022 0.537037 0.060258 0.106173
1 0.453372 0.620988 0.083214 0.170370
1 0.321377 0.811111 0.152080 0.288889
1 0.682927 0.855556 0.197991 0.264198
1 0.640603 0.669136 0.098996 0.162963
1 0.606169 0.576543 0.081779 0.135802
1 0.608321 0.501235 0.051650 0.083951
1 0.577475 0.487654 0.035868 0.081481
1 0.576040 0.441975 0.032999 0.064198
1 0.645624 0.429630 0.043042 0.064198
1 0.695122 0.488889 0.058824 0.108642
1 0.676471 0.479012 0.041607 0.083951
1 0.724534 0.451852 0.037303 0.074074
1 0.770445 0.550617 0.068867 0.138272
1 0.764706 0.471605 0.040172 0.079012
1 0.801291 0.465432 0.041607 0.071605
1 0.844333 0.523457 0.061693 0.118519
1 0.912482 0.483951 0.051650 0.118519
1 0.831420 0.335802 0.035868 0.054321
