1 0.750306 0.706291 0.129289 0.209150
1 0.440411 0.748570 0.155331 0.198121
1 0.483456 0.628472 0.106618 0.147467
1 0.215686 0.649714 0.122549 0.138480
1 0.333180 0.534722 0.087316 0.117647
1 0.213695 0.537786 0.075674 0.105801
1 0.177849 0.469158 0.049939 0.079657
1 0.139706 0.423611 0.045343 0.068627
1 0.131434 0.508783 0.064951 0.083742
1 0.118413 0.587623 0.080576 0.121324
1 0.047488 0.492443 0.058211 0.082925
1 0.033241 0.448121 0.040135 0.051471
1 0.226562 0.425245 0.042586 0.059641
1 0.297028 0.439338 0.041973 0.065768
1 0.314645 0.418709 0.033701 0.066993
1 0.354626 0.439134 0.041973 0.077614
1 0.404565 0.437704 0.038909 0.062500
1 0.465533 0.457516 0.042586 0.080882
1 0.483456 0.450163 0.033701 0.069444
1 0.508578 0.406250 0.034314 0.055964
1 0.461091 0.349877 0.036765 0.066585
1 0.565717 0.473448 0.059130 0.076797
1 0.592984 0.464052 0.045037 0.077614
1 0.592218 0.426062 0.033088 0.053922
1 0.582874 0.401348 0.033395 0.055964
1 0.614277 0.392361 0.036765 0.057598
1 0.650123 0.392770 0.029412 0.048611
1 0.683058 0.434232 0.035233 0.063725
1 0.730699 0.489992 0.057598 0.091912
1 0.867647 0.479371 0.057598 0.102533
1 0.951134 0.529820 0.079963 0.123366
1 0.975031 0.439542 0.042586 0.090686
1 0.985600 0.358864 0.026348 0.048611
1 0.940870 0.384804 0.037990 0.068627
1 0.902267 0.373775 0.033088 0.054739
1 0.853401 0.406658 0.036458 0.052696
1 0.840227 0.386234 0.029718 0.051879
1 0.837010 0.361520 0.030637 0.035948
1 0.800705 0.421364 0.045037 0.065768
1 0.753217 0.401348 0.038297 0.055964
1 0.705423 0.386438 0.035233 0.058007
