1 0.048333 0.641250 0.093333 0.137500
1 0.071667 0.523750 0.053333 0.077500
1 0.075833 0.607500 0.078333 0.100000
1 0.202500 0.526250 0.038333 0.077500
1 0.225833 0.548750 0.045000 0.087500
1 0.261667 0.547500 0.060000 0.115000
1 0.284167 0.628750 0.098333 0.127500
1 0.290000 0.501250 0.033333 0.057500
1 0.327500 0.538750 0.041667 0.062500
1 0.362500 0.490000 0.035000 0.055000
1 0.393333 0.490000 0.036667 0.060000
1 0.405833 0.566250 0.055000 0.087500
1 0.459167 0.592500 0.065000 0.105000
1 0.450833 0.518750 0.041667 0.067500
1 0.529167 0.435000 0.045000 0.065000
1 0.538333 0.627500 0.080000 0.140000
1 0.523333 0.562500 0.060000 0.095000
1 0.565000 0.496250 0.030000 0.047500
1 0.595000 0.516250 0.033333 0.057500
1 0.629167 0.505000 0.031667 0.055000
1 0.627500 0.605000 0.071667 0.095000
1 0.651667 0.780000 0.116667 0.185000
1 0.748333 0.616250 0.083333 0.137500
1 0.684167 0.522500 0.038333 0.070000
1 0.779167 0.556250 0.048333 0.077500
1 0.877500 0.538750 0.055000 0.072500
1 0.934167 0.587500 0.065000 0.095000
1 0.855000 0.738750 0.123333 0.162500
