1 0.030387 0.402000 0.055249 0.076000
1 0.136740 0.404000 0.058011 0.072000
1 0.222376 0.396000 0.052486 0.064000
1 0.197514 0.340000 0.035912 0.048000
1 0.273481 0.348000 0.033149 0.056000
1 0.312155 0.406000 0.049724 0.076000
1 0.349448 0.368000 0.030387 0.048000
1 0.341160 0.328000 0.030387 0.040000
1 0.354972 0.316000 0.024862 0.040000
1 0.393646 0.312000 0.024862 0.048000
1 0.417127 0.340000 0.027624 0.048000
1 0.415746 0.398000 0.046961 0.076000
1 0.495856 0.364000 0.041436 0.064000
1 0.476519 0.338000 0.024862 0.044000
1 0.441989 0.314000 0.022099 0.036000
1 0.446133 0.224000 0.019337 0.032000
1 0.490331 0.292000 0.024862 0.040000
1 0.520718 0.348000 0.030387 0.048000
1 0.509669 0.316000 0.019337 0.032000
1 0.527624 0.296000 0.022099 0.032000
1 0.551105 0.316000 0.019337 0.040000
1 0.501381 0.246000 0.019337 0.028000
1 0.687845 0.326000 0.022099 0.044000
1 0.694751 0.304000 0.019337 0.024000
1 0.812155 0.432000 0.049724 0.072000
