1 0.051667 0.509828 0.040000 0.071253
1 0.143333 0.540541 0.046667 0.068796
1 0.186667 0.579853 0.056667 0.083538
1 0.256667 0.568796 0.066667 0.095823
1 0.238333 0.496314 0.030000 0.049140
1 0.319167 0.481572 0.028333 0.044226
1 0.392500 0.626536 0.095000 0.181818
1 0.453333 0.527027 0.033333 0.061425
1 0.486667 0.556511 0.050000 0.066339
1 0.465000 0.490172 0.026667 0.041769
1 0.560000 0.551597 0.043333 0.081081
1 0.563333 0.528256 0.036667 0.068796
1 0.588333 0.749386 0.153333 0.216216
1 0.635000 0.541769 0.036667 0.061425
1 0.639167 0.514742 0.025000 0.046683
1 0.690000 0.497543 0.026667 0.051597
1 0.715000 0.550369 0.033333 0.073710
1 0.728333 0.529484 0.030000 0.056511
1 0.760833 0.508600 0.025000 0.049140
1 0.810000 0.545455 0.030000 0.054054
1 0.820000 0.523342 0.026667 0.049140
1 0.847500 0.535627 0.035000 0.054054
1 0.880000 0.549140 0.026667 0.051597
1 0.958333 0.615479 0.083333 0.125307
1 0.957500 0.540541 0.038333 0.063882
1 0.943333 0.853808 0.113333 0.282555
