1 0.175587 0.485222 0.033803 0.060755
1 0.250704 0.259442 0.013146 0.026273
1 0.272770 0.274220 0.015962 0.029557
1 0.323944 0.275862 0.015023 0.029557
1 0.361502 0.251232 0.016901 0.032841
1 0.384977 0.256158 0.015023 0.032841
1 0.396244 0.296388 0.018779 0.044335
1 0.310798 0.230706 0.011268 0.018062
1 0.318779 0.240558 0.010329 0.021346
1 0.333803 0.225780 0.014085 0.027915
1 0.347418 0.232348 0.013146 0.031199
1 0.394836 0.217570 0.012207 0.031199
1 0.435681 0.229885 0.018779 0.036125
1 0.386854 0.197044 0.011268 0.026273
1 0.476526 0.247947 0.015962 0.029557
1 0.444601 0.192118 0.012207 0.022989
1 0.424883 0.192939 0.014085 0.027915
1 0.405634 0.186371 0.011268 0.027915
1 0.447887 0.162562 0.011268 0.019704
1 0.440845 0.173235 0.010329 0.021346
1 0.492958 0.211823 0.013146 0.022989
1 0.473239 0.195402 0.011268 0.026273
1 0.490141 0.188013 0.011268 0.021346
1 0.486854 0.164204 0.010329 0.022989
1 0.487324 0.133826 0.013146 0.024631
1 0.522535 0.213465 0.017840 0.029557
1 0.532394 0.172414 0.015023 0.032841
1 0.569484 0.169130 0.017840 0.032841
1 0.559624 0.151067 0.011268 0.022989
1 0.561033 0.127258 0.012207 0.027915
1 0.595305 0.147783 0.009390 0.022989
1 0.597653 0.123153 0.008451 0.022989
1 0.607512 0.140394 0.007512 0.021346
1 0.615023 0.122332 0.007512 0.024631
1 0.632394 0.142857 0.014085 0.026273
1 0.636620 0.122332 0.013146 0.024631
1 0.674648 0.120690 0.010329 0.024631
1 0.618310 0.152709 0.012207 0.022989
1 0.603286 0.204433 0.015962 0.034483
1 0.576526 0.221675 0.020657 0.042693
1 0.549765 0.307061 0.021596 0.042693
1 0.526291 0.291461 0.019718 0.044335
1 0.623944 0.245484 0.019718 0.047619
1 0.602347 0.342365 0.029108 0.050903
1 0.660094 0.220854 0.015023 0.037767
1 0.647887 0.189655 0.013146 0.027915
1 0.678873 0.244663 0.018779 0.042693
1 0.701878 0.236453 0.017840 0.042693
1 0.690141 0.192118 0.016901 0.032841
1 0.695775 0.151067 0.009390 0.022989
1 0.718779 0.285714 0.021596 0.039409
1 0.761972 0.227422 0.015962 0.044335
1 0.733333 0.203612 0.016901 0.032841
1 0.706573 0.144499 0.012207 0.029557
1 0.737089 0.165846 0.013146 0.032841
1 0.740376 0.143678 0.014085 0.027915
1 0.765258 0.137931 0.011268 0.026273
1 0.753991 0.129721 0.011268 0.029557
1 0.759624 0.168309 0.013146 0.031199
1 0.785446 0.161741 0.012207 0.027915
1 0.799061 0.159278 0.013146 0.029557
1 0.770892 0.206897 0.015023 0.036125
1 0.770892 0.309524 0.026291 0.054187
1 0.843192 0.317734 0.028169 0.060755
1 0.856808 0.236453 0.021596 0.042693
1 0.844601 0.192939 0.014085 0.024631
1 0.853521 0.171593 0.011268 0.027915
1 0.834272 0.158456 0.014085 0.024631
1 0.888732 0.178982 0.014085 0.032841
1 0.892958 0.155993 0.009390 0.022989
1 0.915493 0.270115 0.018779 0.047619
1 0.911737 0.233169 0.015023 0.032841
1 0.878873 0.204433 0.013146 0.024631
