1 0.052780 0.394693 0.026390 0.049751
1 0.276626 0.243781 0.014138 0.029851
1 0.303959 0.255390 0.016023 0.023217
1 0.319039 0.248756 0.014138 0.033167
1 0.335061 0.258706 0.016023 0.033167
1 0.350613 0.263682 0.016965 0.036484
1 0.370405 0.272803 0.018850 0.038143
1 0.393968 0.289386 0.024505 0.044776
1 0.474552 0.237977 0.016023 0.034826
1 0.457116 0.225539 0.013195 0.033167
1 0.399623 0.218905 0.015080 0.029851
1 0.358624 0.229685 0.017908 0.028192
1 0.331762 0.227197 0.016965 0.023217
1 0.327992 0.211443 0.013195 0.021559
1 0.379830 0.199834 0.013195 0.028192
1 0.385957 0.192371 0.012253 0.023217
1 0.414703 0.201493 0.015080 0.031509
1 0.442978 0.193201 0.013195 0.028192
1 0.451932 0.176617 0.016023 0.028192
1 0.490104 0.206468 0.016965 0.034826
1 0.537229 0.205638 0.016965 0.036484
1 0.467484 0.146766 0.011310 0.024876
1 0.480679 0.145937 0.011310 0.019900
1 0.497644 0.160033 0.013195 0.021559
1 0.542884 0.166667 0.015080 0.028192
1 0.529689 0.174129 0.011310 0.023217
1 0.566918 0.182421 0.016023 0.033167
1 0.553252 0.165837 0.011310 0.023217
1 0.563148 0.128524 0.016023 0.028192
1 0.588596 0.150083 0.012253 0.024876
1 0.611687 0.158375 0.015080 0.031509
1 0.619227 0.133499 0.013195 0.024876
1 0.605561 0.123549 0.010368 0.024876
1 0.637606 0.150912 0.014138 0.029851
1 0.650801 0.125207 0.012253 0.028192
1 0.675778 0.131012 0.013195 0.029851
1 0.584354 0.228856 0.024505 0.049751
1 0.499057 0.313433 0.025448 0.053068
1 0.587182 0.298507 0.022620 0.049751
1 0.635721 0.328358 0.023563 0.053068
1 0.621583 0.253731 0.023563 0.053068
1 0.633365 0.211443 0.018850 0.038143
1 0.649859 0.182421 0.012253 0.033167
1 0.663525 0.206468 0.018850 0.034826
1 0.664939 0.260365 0.019793 0.043118
1 0.718662 0.296849 0.019793 0.046434
1 0.843544 0.326700 0.020735 0.056385
1 0.760132 0.287728 0.021678 0.044776
1 0.715834 0.221393 0.021678 0.041459
1 0.703582 0.186567 0.017908 0.034826
1 0.686145 0.155887 0.013195 0.026534
1 0.725730 0.177446 0.015080 0.029851
1 0.714420 0.160033 0.011310 0.024876
1 0.736569 0.119403 0.012253 0.023217
1 0.748351 0.153400 0.013195 0.031509
1 0.738454 0.207297 0.016023 0.036484
1 0.769557 0.207297 0.019793 0.043118
1 0.771442 0.163350 0.014138 0.031509
1 0.774270 0.135987 0.010368 0.023217
1 0.785108 0.141791 0.013195 0.028192
1 0.796890 0.171642 0.016023 0.031509
1 0.781810 0.233002 0.021678 0.044776
1 0.827992 0.207297 0.016023 0.039801
1 0.844015 0.184909 0.012253 0.031509
1 0.834590 0.157546 0.014138 0.026534
1 0.813855 0.131841 0.016023 0.028192
1 0.871819 0.165837 0.013195 0.029851
1 0.909991 0.235489 0.017908 0.039801
1 0.933553 0.266169 0.023563 0.048093
1 0.865693 0.293532 0.021678 0.046434
1 0.889727 0.212272 0.015080 0.033167
1 0.893025 0.182421 0.012253 0.023217
1 0.902451 0.165008 0.010368 0.024876
