1 0.181233 0.456343 0.049678 0.085667
1 0.283349 0.224053 0.016559 0.032949
1 0.306348 0.229819 0.016559 0.034596
1 0.327047 0.221582 0.015639 0.037891
1 0.348206 0.219110 0.021159 0.032949
1 0.336707 0.191104 0.016559 0.029654
1 0.353726 0.256178 0.019319 0.041186
1 0.408004 0.248764 0.015639 0.039539
1 0.418583 0.257002 0.022079 0.042834
1 0.377185 0.205107 0.016559 0.037891
1 0.402484 0.210873 0.015639 0.036244
1 0.418583 0.208402 0.018399 0.041186
1 0.442962 0.216639 0.021159 0.044481
1 0.389604 0.168040 0.013799 0.026359
1 0.408464 0.168040 0.012879 0.032949
1 0.419963 0.184514 0.013799 0.026359
1 0.422263 0.158979 0.014719 0.028007
1 0.438362 0.164745 0.010120 0.023064
1 0.449862 0.180395 0.012879 0.031301
1 0.466881 0.158979 0.013799 0.031301
1 0.478841 0.140033 0.011960 0.026359
1 0.489420 0.157331 0.014719 0.034596
1 0.500460 0.181219 0.012879 0.032949
1 0.499540 0.126030 0.012879 0.024712
1 0.509660 0.147446 0.011040 0.024712
1 0.523919 0.178748 0.013799 0.031301
1 0.538178 0.210873 0.016559 0.046129
1 0.536799 0.149094 0.011960 0.031301
1 0.518399 0.121087 0.011960 0.024712
1 0.547838 0.134267 0.011960 0.024712
1 0.566697 0.161450 0.016559 0.036244
1 0.589696 0.156507 0.020239 0.039539
1 0.597516 0.124382 0.011960 0.021417
1 0.618675 0.112026 0.010120 0.026359
1 0.627415 0.125206 0.014719 0.029654
1 0.633855 0.174629 0.012879 0.029654
1 0.568997 0.141680 0.011960 0.023064
1 0.574057 0.247941 0.022079 0.057661
1 0.660074 0.121087 0.011960 0.031301
1 0.673873 0.135091 0.013799 0.029654
1 0.672953 0.118616 0.011960 0.019769
1 0.705612 0.116969 0.014719 0.032949
1 0.662374 0.190280 0.018399 0.034596
1 0.616835 0.212521 0.019319 0.036244
1 0.619135 0.254530 0.023919 0.051071
1 0.648114 0.238880 0.019319 0.039539
1 0.688132 0.284185 0.020239 0.041186
1 0.706532 0.329489 0.029439 0.075783
1 0.718951 0.184514 0.019319 0.039539
1 0.701932 0.180395 0.014719 0.037891
1 0.735051 0.149918 0.012879 0.032949
1 0.765409 0.135091 0.011040 0.032949
1 0.770469 0.129325 0.011960 0.028007
1 0.791628 0.140857 0.011960 0.031301
1 0.795768 0.168040 0.016559 0.026359
1 0.801748 0.142504 0.008280 0.024712
1 0.829807 0.172982 0.014719 0.029654
1 0.842686 0.193575 0.016559 0.037891
1 0.843146 0.161450 0.011960 0.026359
1 0.797148 0.214992 0.019319 0.044481
1 0.763109 0.244646 0.022999 0.047776
1 0.735511 0.242175 0.019319 0.042834
1 0.738270 0.210049 0.017479 0.028007
1 0.735511 0.182867 0.013799 0.026359
1 0.787489 0.299835 0.022079 0.062603
1 0.759430 0.381384 0.028519 0.070840
1 0.827507 0.263591 0.021159 0.046129
1 0.842686 0.237232 0.020239 0.039539
1 0.874425 0.188633 0.015639 0.034596
1 0.889604 0.236409 0.016559 0.041186
1 0.867525 0.233937 0.014719 0.026359
1 0.907544 0.323723 0.024839 0.060956
1 0.936983 0.275124 0.019319 0.042834
1 0.913983 0.227348 0.017479 0.039539
1 0.904784 0.194399 0.011960 0.032949
1 0.907084 0.171334 0.014719 0.026359
1 0.922723 0.161450 0.011040 0.032949
1 0.942042 0.211697 0.016559 0.037891
1 0.949862 0.179572 0.010120 0.029654
