1 0.066220 0.583333 0.020337 0.039021
1 0.082093 0.588790 0.030754 0.036045
1 0.131324 0.603505 0.027034 0.048942
1 0.166543 0.618056 0.038938 0.060185
1 0.202257 0.637401 0.042907 0.065146
1 0.192832 0.572917 0.024058 0.028108
1 0.234251 0.567956 0.022569 0.040013
1 0.248884 0.579365 0.026538 0.029101
1 0.255208 0.629464 0.045139 0.079034
1 0.307168 0.585317 0.025546 0.041005
1 0.336434 0.593915 0.034474 0.060185
1 0.349950 0.575397 0.031746 0.044974
1 0.483383 0.648479 0.072917 0.115079
1 0.468998 0.558366 0.021825 0.039352
1 0.530382 0.560351 0.027034 0.047288
1 0.555928 0.597388 0.024058 0.053241
1 0.576637 0.604993 0.032242 0.053902
1 0.567460 0.562004 0.020337 0.034061
1 0.626116 0.605324 0.045883 0.069114
1 0.733631 0.662698 0.066964 0.101190
1 0.711434 0.585979 0.021081 0.046296
1 0.789187 0.572421 0.030754 0.048942
1 0.828745 0.493717 0.031498 0.064153
1 0.914062 0.498677 0.033978 0.058201
1 0.887029 0.629464 0.059276 0.084987
1 0.897817 0.583499 0.040675 0.067130
