1 0.190533 0.425591 0.043755 0.091794
1 0.274861 0.264951 0.018298 0.040334
1 0.272076 0.257302 0.017502 0.041725
1 0.318616 0.251043 0.019889 0.037552
1 0.335720 0.253129 0.017502 0.041725
1 0.360780 0.242698 0.019889 0.040334
1 0.373906 0.264951 0.025457 0.040334
1 0.407717 0.264951 0.024662 0.051460
1 0.339698 0.209318 0.015911 0.037552
1 0.328958 0.214882 0.015115 0.034771
1 0.371917 0.194715 0.019889 0.033380
1 0.398568 0.172462 0.015911 0.030598
1 0.429196 0.175939 0.016706 0.031989
1 0.423628 0.214882 0.021480 0.043115
1 0.453461 0.217663 0.019093 0.040334
1 0.451472 0.148122 0.016706 0.037552
1 0.468576 0.150904 0.017502 0.034771
1 0.474543 0.191238 0.018298 0.034771
1 0.494431 0.213491 0.021480 0.043115
1 0.514718 0.186370 0.017502 0.033380
1 0.540971 0.183588 0.019093 0.041725
1 0.512729 0.150904 0.016706 0.031989
1 0.490056 0.130737 0.014320 0.022253
1 0.494033 0.159944 0.014320 0.036161
1 0.523866 0.133519 0.018298 0.033380
1 0.571997 0.157858 0.017502 0.037552
1 0.562450 0.139777 0.012729 0.029207
1 0.585521 0.144645 0.015911 0.036161
1 0.577168 0.132128 0.013524 0.030598
1 0.605807 0.142559 0.018298 0.037552
1 0.608592 0.098748 0.012729 0.030598
1 0.622116 0.127260 0.012729 0.031989
1 0.646778 0.119611 0.015911 0.033380
1 0.675020 0.118915 0.018298 0.031989
1 0.499602 0.292768 0.028640 0.059805
1 0.542164 0.305981 0.034208 0.063978
1 0.576372 0.233658 0.024662 0.050070
1 0.617343 0.206537 0.023866 0.051460
1 0.614161 0.255216 0.025457 0.054242
1 0.657916 0.257997 0.023866 0.051460
1 0.671440 0.195410 0.025457 0.040334
1 0.651949 0.173157 0.018298 0.043115
1 0.711217 0.265647 0.030231 0.061196
1 0.673827 0.339360 0.042959 0.069541
1 0.742243 0.345619 0.038186 0.068150
1 0.708433 0.210014 0.021480 0.044506
1 0.729117 0.197497 0.021480 0.044506
1 0.721161 0.149513 0.016706 0.031989
1 0.681782 0.160640 0.019093 0.034771
1 0.691329 0.188456 0.020684 0.034771
1 0.749403 0.146732 0.019093 0.037552
1 0.763723 0.158554 0.017502 0.047288
1 0.763325 0.127955 0.015115 0.036161
1 0.777645 0.141168 0.016706 0.043115
1 0.793556 0.141168 0.011933 0.029207
1 0.798727 0.168985 0.015911 0.040334
1 0.775259 0.194715 0.021480 0.044506
1 0.754177 0.221140 0.020684 0.044506
1 0.784805 0.287900 0.031026 0.058414
1 0.805887 0.219750 0.023866 0.052851
1 0.836516 0.204451 0.021480 0.041725
1 0.846062 0.178720 0.021480 0.043115
1 0.867144 0.139082 0.015911 0.041725
1 0.883453 0.184979 0.015115 0.041725
1 0.876691 0.214882 0.019093 0.045897
1 0.864757 0.226704 0.020684 0.047288
1 0.904535 0.247566 0.023866 0.050070
1 0.867940 0.301808 0.030231 0.058414
