1 0.055863 0.280943 0.016593 0.035363
1 0.265487 0.224951 0.017699 0.041257
1 0.373341 0.246562 0.023230 0.049116
1 0.336283 0.248527 0.019912 0.041257
1 0.370575 0.188605 0.015487 0.035363
1 0.387168 0.165029 0.013274 0.031434
1 0.395465 0.192534 0.018805 0.039293
1 0.404314 0.158153 0.016593 0.029470
1 0.417035 0.209234 0.015487 0.033399
1 0.433075 0.237721 0.032080 0.062868
1 0.468473 0.201375 0.021018 0.045187
1 0.493916 0.205305 0.021018 0.045187
1 0.433628 0.166994 0.015487 0.035363
1 0.440265 0.136542 0.013274 0.025540
1 0.460730 0.137525 0.012168 0.027505
1 0.470133 0.153242 0.013274 0.031434
1 0.477323 0.169941 0.016593 0.029470
1 0.518805 0.178782 0.015487 0.039293
1 0.484513 0.133595 0.015487 0.027505
1 0.498341 0.118861 0.012168 0.033399
1 0.510509 0.131631 0.014381 0.035363
1 0.524336 0.119843 0.013274 0.023576
1 0.528761 0.130648 0.011062 0.025540
1 0.539270 0.136542 0.012168 0.029470
1 0.528208 0.158153 0.014381 0.025540
1 0.554757 0.176817 0.018805 0.035363
1 0.581305 0.163065 0.016593 0.043222
1 0.571903 0.126719 0.013274 0.033399
1 0.575774 0.111984 0.012168 0.027505
1 0.601217 0.101179 0.009956 0.025540
1 0.601770 0.124754 0.011062 0.029470
1 0.613385 0.125737 0.014381 0.035363
1 0.627212 0.109037 0.011062 0.029470
1 0.638274 0.111002 0.013274 0.025540
1 0.634956 0.140472 0.015487 0.033399
1 0.652655 0.101179 0.013274 0.033399
1 0.665376 0.110020 0.012168 0.035363
1 0.679757 0.104126 0.009956 0.031434
1 0.693584 0.113949 0.013274 0.035363
1 0.578540 0.243615 0.026549 0.058939
1 0.617257 0.242633 0.026549 0.056974
1 0.634403 0.191552 0.023230 0.045187
1 0.659845 0.181729 0.021018 0.045187
1 0.662058 0.222986 0.023230 0.045187
1 0.673119 0.260314 0.023230 0.056974
1 0.721239 0.237721 0.019912 0.051081
1 0.739491 0.258350 0.023230 0.060904
1 0.761062 0.241650 0.022124 0.047151
1 0.792035 0.281925 0.028761 0.064833
1 0.837389 0.310413 0.026549 0.062868
1 0.896018 0.324165 0.028761 0.070727
1 0.930863 0.272102 0.023230 0.053045
1 0.920907 0.230845 0.018805 0.049116
1 0.887168 0.220039 0.015487 0.039293
1 0.861726 0.254420 0.024336 0.053045
1 0.839602 0.216110 0.017699 0.043222
1 0.783739 0.206287 0.016593 0.035363
1 0.746681 0.201375 0.015487 0.037328
1 0.702434 0.171906 0.015487 0.033399
1 0.735066 0.178782 0.014381 0.035363
1 0.757190 0.160118 0.016593 0.037328
1 0.729535 0.134578 0.012168 0.029470
1 0.741704 0.130648 0.012168 0.029470
1 0.751106 0.129666 0.011062 0.027505
1 0.770465 0.139489 0.012168 0.027505
1 0.790929 0.129666 0.011062 0.027505
1 0.797013 0.153242 0.016593 0.031434
1 0.810841 0.136542 0.015487 0.033399
1 0.823009 0.126719 0.013274 0.033399
1 0.845133 0.150295 0.017699 0.041257
1 0.861173 0.177800 0.016593 0.033399
1 0.836283 0.171906 0.013274 0.033399
1 0.876106 0.154224 0.015487 0.037328
1 0.903208 0.176817 0.014381 0.031434
1 0.913164 0.151277 0.012168 0.031434
1 0.929757 0.184676 0.014381 0.031434
1 0.940265 0.204322 0.017699 0.035363
1 0.940265 0.170923 0.013274 0.027505
