1 0.065832 0.430791 0.039580 0.070621
1 0.293215 0.269068 0.022617 0.046610
1 0.332795 0.265537 0.019386 0.042373
1 0.317044 0.235169 0.018578 0.040960
1 0.351373 0.209746 0.019386 0.038136
1 0.358239 0.226695 0.018578 0.032486
1 0.373990 0.254944 0.019386 0.043785
1 0.409935 0.284605 0.021809 0.043785
1 0.401050 0.266243 0.018578 0.038136
1 0.385703 0.227401 0.020194 0.042373
1 0.405493 0.223870 0.017771 0.032486
1 0.415590 0.194915 0.016963 0.036723
1 0.449111 0.216102 0.019386 0.039548
1 0.459208 0.191384 0.016963 0.038136
1 0.492730 0.223164 0.021002 0.042373
1 0.436187 0.178672 0.019386 0.040960
1 0.470921 0.161723 0.014540 0.026836
1 0.472132 0.142655 0.013732 0.025424
1 0.480614 0.139124 0.011309 0.026836
1 0.512116 0.189266 0.019386 0.039548
1 0.516963 0.163842 0.019386 0.033898
1 0.508481 0.149718 0.013732 0.025424
1 0.514943 0.134887 0.015347 0.026836
1 0.525848 0.142655 0.012924 0.031073
1 0.546446 0.132062 0.013732 0.026836
1 0.549677 0.175141 0.018578 0.036723
1 0.568659 0.139831 0.016155 0.031073
1 0.595719 0.161017 0.020194 0.033898
1 0.588045 0.145480 0.014540 0.031073
1 0.572698 0.118644 0.016155 0.028249
1 0.598546 0.122881 0.016155 0.036723
1 0.632068 0.138418 0.016963 0.036723
1 0.623183 0.119350 0.013732 0.032486
1 0.625606 0.096751 0.013732 0.021186
1 0.644992 0.122881 0.012116 0.031073
1 0.664378 0.126412 0.013732 0.032486
1 0.660743 0.097458 0.012924 0.028249
1 0.678110 0.097458 0.015347 0.025424
1 0.680937 0.121469 0.011309 0.031073
1 0.712843 0.109463 0.015347 0.026836
1 0.551696 0.284605 0.033926 0.063559
1 0.569871 0.237288 0.025040 0.053672
1 0.611470 0.322034 0.032310 0.067797
1 0.626414 0.244350 0.023425 0.053672
1 0.626817 0.213983 0.024233 0.043785
1 0.689822 0.219633 0.017771 0.049435
1 0.682553 0.279661 0.022617 0.062147
1 0.724556 0.224576 0.024233 0.056497
1 0.691034 0.183616 0.016963 0.033898
1 0.717690 0.146893 0.016963 0.039548
1 0.741115 0.187853 0.021809 0.045198
1 0.775848 0.293785 0.025040 0.067797
1 0.769386 0.239407 0.026656 0.060734
1 0.788368 0.207627 0.019386 0.042373
1 0.749192 0.132768 0.013732 0.031073
1 0.860258 0.240113 0.022617 0.048023
1 0.847334 0.319915 0.027464 0.063559
1 0.830372 0.386299 0.037157 0.086158
1 0.904685 0.432203 0.030695 0.081921
1 0.829564 0.247881 0.017771 0.043785
1 0.923263 0.337571 0.030695 0.073446
1 0.933764 0.237288 0.019386 0.045198
1 0.951535 0.290254 0.024233 0.046610
1 0.892569 0.219633 0.019386 0.043785
1 0.907916 0.185028 0.014540 0.031073
1 0.911955 0.159605 0.016155 0.033898
1 0.925283 0.137006 0.013732 0.036723
1 0.949111 0.150424 0.012924 0.029661
1 0.854604 0.189266 0.016155 0.039548
1 0.869144 0.162429 0.016155 0.031073
1 0.871971 0.134181 0.013732 0.031073
1 0.775444 0.144774 0.016155 0.040960
1 0.795638 0.156073 0.016155 0.035311
1 0.794830 0.119350 0.014540 0.032486
1 0.815428 0.111582 0.015347 0.033898
1 0.824717 0.146893 0.012924 0.033898
1 0.818659 0.173729 0.013732 0.033898
1 0.836834 0.122881 0.011309 0.033898
1 0.851777 0.127825 0.013732 0.029661
1 0.885703 0.138418 0.012116 0.028249
