1 0.055625 0.650833 0.076250 0.095000
1 0.046875 0.569167 0.051250 0.071667
1 0.085625 0.510000 0.036250 0.056667
1 0.140625 0.534167 0.038750 0.055000
1 0.179375 0.541667 0.036250 0.053333
1 0.180625 0.599167 0.053750 0.075000
1 0.153750 0.753333 0.125000 0.153333
1 0.272500 0.580000 0.055000 0.083333
1 0.317500 0.570833 0.037500 0.065000
1 0.281250 0.529167 0.032500 0.055000
1 0.380000 0.665000 0.072500 0.110000
1 0.421875 0.571667 0.041250 0.066667
1 0.387500 0.557500 0.042500 0.071667
1 0.394375 0.450833 0.026250 0.045000
1 0.491875 0.552500 0.036250 0.051667
1 0.540625 0.590833 0.061250 0.088333
1 0.527500 0.815833 0.132500 0.211667
1 0.689375 0.588333 0.058750 0.106667
1 0.635000 0.618333 0.055000 0.066667
1 0.766875 0.699167 0.101250 0.165000
1 0.829375 0.642500 0.063750 0.105000
1 0.884375 0.623333 0.061250 0.083333
1 0.916875 0.573333 0.053750 0.076667
