1 0.090500 0.670750 0.059000 0.085758
1 0.161000 0.682236 0.056000 0.081164
1 0.147000 0.650842 0.042000 0.058193
1 0.324000 0.684533 0.044000 0.067381
1 0.366000 0.439510 0.040000 0.058193
1 0.395000 0.674579 0.040000 0.075038
1 0.428500 0.640888 0.033000 0.050536
1 0.506000 0.786371 0.102000 0.157734
1 0.479500 0.723583 0.087000 0.130168
1 0.582000 0.711332 0.058000 0.114855
1 0.605000 0.686064 0.046000 0.098009
1 0.652000 0.717458 0.048000 0.102603
1 0.710000 0.697550 0.062000 0.124043
1 0.696000 0.621746 0.034000 0.061256
1 0.778500 0.676110 0.049000 0.090352
1 0.930000 0.761868 0.110000 0.212864
1 0.908500 0.642420 0.051000 0.090352
1 0.977500 0.666922 0.039000 0.078101
