1 0.233125 0.401501 0.166250 0.270169
1 0.429375 0.420263 0.161250 0.243902
1 0.610000 0.400563 0.145000 0.212008
1 0.855000 0.354597 0.112500 0.210131
1 0.690000 0.234522 0.082500 0.127580
1 0.696250 0.146341 0.060000 0.097561
1 0.591875 0.237336 0.098750 0.125704
1 0.506250 0.309568 0.100000 0.183865
1 0.425000 0.168856 0.085000 0.138837
1 0.470625 0.102251 0.071250 0.129456
1 0.289375 0.162289 0.088750 0.148218
1 0.184375 0.176360 0.086250 0.135084
1 0.221250 0.056285 0.065000 0.090056
1 0.048125 0.190432 0.091250 0.181989
