1 0.351111 0.567780 0.051111 0.110020
1 0.555000 0.496071 0.043333 0.096267
1 0.620556 0.503929 0.041111 0.076621
1 0.683333 0.372299 0.044444 0.080550
1 0.821667 0.481336 0.047778 0.086444
1 0.252778 0.463654 0.045556 0.078585
1 0.236111 0.366405 0.043333 0.076621
1 0.281111 0.305501 0.028889 0.060904
1 0.313889 0.322200 0.027778 0.062868
1 0.251667 0.197446 0.025556 0.053045
1 0.267778 0.173870 0.020000 0.045187
1 0.320000 0.137525 0.020000 0.043222
1 0.355556 0.106090 0.022222 0.055010
1 0.437778 0.117878 0.020000 0.039293
1 0.436111 0.190570 0.034444 0.066798
1 0.506111 0.203340 0.036667 0.060904
1 0.517222 0.104126 0.021111 0.039293
1 0.537778 0.101179 0.020000 0.041257
1 0.601111 0.200393 0.033333 0.051081
1 0.558333 0.301572 0.041111 0.072692
1 0.629444 0.257367 0.041111 0.074656
1 0.671667 0.203340 0.027778 0.053045
1 0.697222 0.198428 0.023333 0.047151
1 0.680000 0.171906 0.022222 0.049116
1 0.660556 0.135560 0.023333 0.043222
