1 0.152778 0.681279 0.084877 0.104456
1 0.111111 0.570168 0.048225 0.078414
1 0.161651 0.587674 0.051698 0.074653
1 0.252025 0.546875 0.035301 0.059028
1 0.348476 0.553530 0.046103 0.076389
1 0.395255 0.576244 0.047454 0.088831
1 0.519965 0.650174 0.079282 0.112847
1 0.514178 0.563802 0.039931 0.074363
1 0.599248 0.552083 0.033758 0.063079
1 0.645351 0.631655 0.057292 0.100116
1 0.640529 0.589265 0.050347 0.087674
1 0.674576 0.571615 0.028935 0.071470
1 0.708719 0.542245 0.030864 0.049769
1 0.796971 0.530816 0.026813 0.045428
1 0.805845 0.569010 0.033758 0.063947
1 0.829282 0.566551 0.027006 0.056713
1 0.852334 0.563368 0.042631 0.089699
1 0.918210 0.582031 0.048997 0.089988
1 0.932677 0.732350 0.086034 0.144676
1 0.993731 0.538628 0.012539 0.036169
