1 0.199140 0.482759 0.044890 0.091954
1 0.304680 0.251232 0.015282 0.039409
1 0.339542 0.282430 0.020057 0.045977
1 0.356256 0.258621 0.017192 0.037767
1 0.391117 0.201970 0.016237 0.029557
1 0.432665 0.215928 0.015282 0.034483
1 0.454632 0.221675 0.017192 0.032841
1 0.438395 0.174877 0.013372 0.031199
1 0.455587 0.190476 0.015282 0.029557
1 0.484718 0.202791 0.016237 0.031199
1 0.460840 0.154351 0.014327 0.019704
1 0.488539 0.320197 0.023878 0.042693
1 0.568768 0.233169 0.023878 0.042693
1 0.564947 0.300493 0.023878 0.055829
1 0.621299 0.297209 0.031519 0.065681
1 0.621299 0.247947 0.023878 0.045977
1 0.633238 0.213465 0.019102 0.042693
1 0.675263 0.260263 0.021012 0.044335
1 0.683381 0.207718 0.021968 0.044335
1 0.734002 0.282430 0.025788 0.045977
1 0.794174 0.307882 0.021968 0.054187
1 0.702961 0.160920 0.015282 0.032841
1 0.718243 0.185550 0.015282 0.032841
1 0.727794 0.141215 0.015282 0.029557
1 0.709169 0.099343 0.012416 0.027915
1 0.747851 0.114122 0.015282 0.031199
1 0.766476 0.118227 0.012416 0.022989
1 0.768386 0.149425 0.014327 0.029557
1 0.761223 0.189655 0.017192 0.037767
1 0.818529 0.176519 0.015282 0.037767
1 0.841452 0.121511 0.013372 0.039409
1 0.870583 0.183087 0.016237 0.037767
1 0.892073 0.230706 0.017192 0.044335
1 0.911175 0.193760 0.013372 0.029557
1 0.946036 0.186371 0.016237 0.044335
1 0.947469 0.120690 0.013372 0.031199
1 0.439828 0.282430 0.025788 0.052545
1 0.621777 0.102627 0.009551 0.024631
1 0.630850 0.114122 0.010506 0.021346
1 0.591213 0.158456 0.011461 0.024631
1 0.509551 0.168309 0.014327 0.031199
1 0.549666 0.131363 0.012416 0.029557
1 0.544890 0.146141 0.016237 0.032841
1 0.569723 0.154351 0.014327 0.022989
1 0.573543 0.120690 0.010506 0.024631
1 0.830946 0.128079 0.011461 0.029557
