1 0.032890 0.397743 0.023493 0.045134
1 0.238058 0.336389 0.015662 0.032440
1 0.256069 0.348378 0.020360 0.039492
1 0.282302 0.306065 0.016445 0.031030
1 0.285435 0.360367 0.019577 0.040903
1 0.324197 0.366008 0.021926 0.043724
1 0.346907 0.322990 0.017228 0.033850
1 0.349256 0.296192 0.015662 0.031030
1 0.374706 0.332863 0.014879 0.028209
1 0.399765 0.337800 0.018011 0.032440
1 0.400157 0.301128 0.014096 0.026798
1 0.379796 0.263047 0.012529 0.032440
1 0.400548 0.263047 0.011746 0.026798
1 0.427565 0.302539 0.014096 0.032440
1 0.429131 0.266573 0.014096 0.031030
1 0.414644 0.254584 0.011746 0.029619
1 0.418168 0.271509 0.009397 0.023977
1 0.457322 0.308886 0.015662 0.031030
1 0.417776 0.304654 0.010180 0.028209
1 0.454190 0.234133 0.012529 0.022567
1 0.440486 0.253879 0.010180 0.025388
1 0.496868 0.270804 0.014879 0.028209
1 0.490995 0.254584 0.010963 0.026798
1 0.498434 0.245416 0.013312 0.028209
1 0.519969 0.251058 0.015662 0.033850
1 0.547768 0.222849 0.011746 0.022567
1 0.555991 0.205219 0.014096 0.029619
1 0.556774 0.258815 0.012529 0.029619
1 0.560689 0.279267 0.015662 0.031030
1 0.511355 0.298307 0.017228 0.032440
1 0.489820 0.320169 0.018011 0.039492
1 0.484730 0.392102 0.025059 0.050776
1 0.527016 0.408322 0.023493 0.052186
1 0.519577 0.366714 0.024276 0.050776
1 0.579483 0.322285 0.020360 0.043724
1 0.588880 0.360367 0.020360 0.043724
1 0.589272 0.430183 0.028974 0.064880
1 0.650352 0.444993 0.027408 0.066291
1 0.637431 0.371650 0.028191 0.055007
1 0.627251 0.332863 0.017228 0.036671
1 0.614722 0.297602 0.018794 0.042313
1 0.586139 0.243300 0.013312 0.023977
1 0.589272 0.222849 0.010180 0.022567
1 0.593579 0.208745 0.010963 0.022567
1 0.608066 0.214386 0.011746 0.025388
1 0.616680 0.230606 0.011746 0.026798
1 0.622944 0.245416 0.010180 0.025388
1 0.635474 0.218618 0.011746 0.025388
1 0.645262 0.230606 0.010963 0.026798
1 0.657400 0.229196 0.011746 0.035261
1 0.678935 0.248942 0.015662 0.035261
1 0.653485 0.269394 0.014879 0.033850
1 0.676977 0.291255 0.019577 0.043724
1 0.699687 0.287024 0.018011 0.032440
1 0.704385 0.260226 0.016445 0.035261
1 0.720830 0.249647 0.013312 0.022567
1 0.719264 0.224965 0.013312 0.026798
1 0.752937 0.243300 0.016445 0.029619
1 0.747847 0.263752 0.014096 0.028209
1 0.739233 0.289140 0.014096 0.031030
1 0.667580 0.353315 0.019577 0.052186
1 0.707518 0.396333 0.025842 0.047955
1 0.691464 0.474612 0.032890 0.074753
1 0.765466 0.410437 0.027408 0.053597
1 0.788958 0.514104 0.032106 0.063470
1 0.812451 0.437941 0.028974 0.063470
1 0.780736 0.358956 0.018794 0.052186
1 0.785826 0.301834 0.018011 0.036671
1 0.786218 0.281382 0.015662 0.026798
1 0.779953 0.251763 0.017228 0.035261
1 0.806578 0.260931 0.012529 0.033850
1 0.823023 0.267278 0.012529 0.032440
1 0.827721 0.290550 0.014096 0.031030
1 0.841034 0.258110 0.012529 0.028209
1 0.813626 0.313117 0.018794 0.033850
1 0.804229 0.336389 0.017228 0.038082
1 0.828504 0.371650 0.023493 0.052186
1 0.838293 0.342031 0.016445 0.043724
1 0.856304 0.321580 0.014879 0.036671
1 0.862177 0.280677 0.014096 0.033850
1 0.896241 0.291255 0.018011 0.029619
1 0.879405 0.318054 0.015662 0.032440
1 0.886844 0.351199 0.016445 0.039492
1 0.874706 0.390691 0.020360 0.045134
1 0.878230 0.442172 0.030540 0.063470
