1 0.164200 0.303467 0.060400 0.090667
1 0.224000 0.337333 0.051200 0.065600
1 0.281600 0.310667 0.048800 0.082667
1 0.331800 0.312000 0.048400 0.073600
1 0.403600 0.290933 0.056000 0.091200
1 0.463400 0.313067 0.044400 0.083200
1 0.516200 0.325600 0.049200 0.074133
1 0.569000 0.317067 0.046000 0.085867
1 0.596200 0.350133 0.044400 0.079467
1 0.648600 0.346133 0.046800 0.091733
1 0.705000 0.371200 0.041200 0.070400
1 0.432600 0.633067 0.062800 0.119467
1 0.508000 0.606933 0.058400 0.107733
1 0.580000 0.404533 0.052800 0.097600
1 0.647000 0.507200 0.061200 0.125867
1 0.712600 0.556800 0.056400 0.107733
1 0.769400 0.575733 0.074000 0.122133
1 0.877800 0.557333 0.082000 0.122667
1 0.853200 0.430933 0.076800 0.109867
