1 0.108546 0.329843 0.030452 0.073298
1 0.306974 0.208551 0.020629 0.040140
1 0.337917 0.239092 0.019646 0.045375
1 0.409627 0.245201 0.021611 0.040140
1 0.418468 0.167539 0.015717 0.031414
1 0.442534 0.165794 0.016699 0.031414
1 0.465619 0.166667 0.015717 0.033159
1 0.486248 0.190227 0.015717 0.031414
1 0.494597 0.165794 0.014735 0.031414
1 0.516699 0.200698 0.017682 0.038394
1 0.561886 0.193717 0.017682 0.038394
1 0.867878 0.243455 0.022593 0.043630
1 0.896365 0.201571 0.016699 0.033159
1 0.928782 0.246073 0.020629 0.045375
1 0.937623 0.213787 0.014735 0.036649
