1 0.166667 0.210377 0.017094 0.032075
1 0.162393 0.348113 0.042735 0.088679
1 0.310897 0.183962 0.019231 0.050943
1 0.342415 0.222642 0.020299 0.041509
1 0.411859 0.228302 0.020299 0.045283
1 0.425214 0.149057 0.014957 0.033962
1 0.449786 0.147170 0.012821 0.033962
1 0.473291 0.148113 0.012821 0.032075
1 0.491453 0.166038 0.012821 0.030189
1 0.501603 0.143396 0.013889 0.030189
1 0.522970 0.179245 0.018162 0.041509
1 0.565705 0.179245 0.018162 0.041509
1 0.899573 0.213208 0.019231 0.049057
1 0.915064 0.167925 0.013889 0.033962
1 0.944979 0.227358 0.018162 0.050943
1 0.950321 0.191509 0.013889 0.035849
