1 0.101200 0.538591 0.052000 0.100671
1 0.199200 0.292785 0.022400 0.055369
1 0.234400 0.276846 0.025600 0.053691
1 0.278800 0.237416 0.020000 0.048658
1 0.312400 0.240772 0.016800 0.045302
1 0.308000 0.206376 0.019200 0.040268
1 0.330800 0.228188 0.018400 0.050336
1 0.348800 0.218121 0.017600 0.050336
1 0.369200 0.265940 0.018400 0.052013
1 0.363600 0.196309 0.016800 0.036913
1 0.387600 0.191275 0.020000 0.046980
1 0.397200 0.241611 0.020000 0.043624
1 0.432400 0.328020 0.024800 0.048658
1 0.472000 0.246644 0.020800 0.053691
1 0.433600 0.191275 0.017600 0.040268
1 0.443200 0.160235 0.016000 0.035235
1 0.456000 0.162752 0.012800 0.030201
1 0.479200 0.171141 0.019200 0.040268
1 0.494800 0.203859 0.016800 0.041946
1 0.494000 0.151846 0.015200 0.035235
1 0.518000 0.165268 0.016800 0.048658
1 0.549600 0.216443 0.016000 0.040268
1 0.527600 0.154362 0.013600 0.040268
1 0.552800 0.135906 0.014400 0.036913
1 0.561200 0.160235 0.015200 0.041946
1 0.577200 0.135067 0.016800 0.035235
1 0.598400 0.125000 0.016000 0.041946
1 0.608000 0.156879 0.016000 0.038591
1 0.601200 0.187919 0.015200 0.040268
1 0.622000 0.197148 0.016800 0.041946
1 0.629600 0.128356 0.016000 0.041946
1 0.652000 0.145134 0.017600 0.038591
1 0.663600 0.134228 0.013600 0.036913
1 0.688800 0.134228 0.012800 0.036913
1 0.707600 0.154362 0.015200 0.040268
1 0.688800 0.163591 0.017600 0.041946
1 0.655600 0.183725 0.018400 0.038591
1 0.575200 0.330537 0.025600 0.053691
1 0.598400 0.386745 0.027200 0.068792
1 0.610000 0.291107 0.024800 0.055369
1 0.660800 0.254195 0.020800 0.055369
1 0.695200 0.217282 0.019200 0.045302
1 0.728800 0.262584 0.020800 0.052013
1 0.741200 0.229027 0.015200 0.041946
1 0.745200 0.189597 0.015200 0.040268
1 0.720800 0.399329 0.028800 0.073826
1 0.658000 0.397651 0.032800 0.067114
1 0.791600 0.447987 0.034400 0.097315
1 0.871600 0.483221 0.029600 0.080537
1 0.886000 0.396812 0.026400 0.065436
1 0.846800 0.373322 0.024800 0.062081
1 0.810400 0.296980 0.020800 0.057047
1 0.752000 0.288591 0.022400 0.053691
1 0.796400 0.248322 0.016800 0.050336
1 0.777200 0.205537 0.015200 0.038591
1 0.770000 0.179530 0.013600 0.030201
1 0.808400 0.192114 0.016800 0.041946
1 0.819600 0.225671 0.020000 0.045302
1 0.839600 0.212248 0.015200 0.038591
1 0.868000 0.227349 0.012800 0.038591
1 0.875600 0.223993 0.010400 0.041946
1 0.897600 0.258389 0.012800 0.043624
1 0.886800 0.292785 0.015200 0.045302
1 0.864400 0.315436 0.020000 0.053691
1 0.905600 0.234060 0.016000 0.041946
1 0.928000 0.268456 0.016000 0.046980
1 0.946400 0.244128 0.014400 0.045302
1 0.921600 0.323826 0.020800 0.060403
1 0.944000 0.379195 0.022400 0.067114
1 0.952400 0.434564 0.021600 0.070470
1 0.971600 0.363255 0.016800 0.052013
1 0.968000 0.327181 0.012800 0.033557
1 0.973600 0.303691 0.012800 0.036913
1 0.981200 0.257550 0.015200 0.041946
