1 0.191406 0.313725 0.064453 0.090498
1 0.118652 0.425339 0.041992 0.075415
1 0.619629 0.432127 0.049805 0.082956
1 0.659668 0.419306 0.034180 0.054299
1 0.708008 0.323529 0.039062 0.055807
1 0.750488 0.386124 0.030273 0.054299
1 0.757812 0.438914 0.039062 0.063348
1 0.824219 0.410256 0.033203 0.054299
1 0.794922 0.374057 0.017578 0.030166
1 0.847656 0.384615 0.021484 0.039216
1 0.875977 0.402715 0.031250 0.048265
1 0.900391 0.380845 0.019531 0.037707
1 0.936035 0.386878 0.026367 0.040724
1 0.980957 0.388386 0.030273 0.049774
1 0.564453 0.407994 0.021484 0.031674
1 0.570312 0.382353 0.015625 0.022624
1 0.589844 0.368778 0.015625 0.022624
1 0.615723 0.365762 0.014648 0.022624
1 0.637207 0.361991 0.018555 0.030166
1 0.664551 0.377828 0.016602 0.025641
