1 0.303125 0.235000 0.112500 0.195000
1 0.191406 0.155000 0.054688 0.100000
1 0.167969 0.081250 0.042188 0.057500
1 0.045312 0.106250 0.040625 0.062500
1 0.249219 0.087500 0.060937 0.085000
1 0.342969 0.061250 0.042188 0.077500
1 0.334375 0.028750 0.034375 0.047500
1 0.435937 0.072500 0.050000 0.070000
1 0.583594 0.245000 0.173437 0.365000
1 0.492969 0.215000 0.135937 0.265000
1 0.827344 0.302500 0.279687 0.430000
1 0.828906 0.042500 0.051562 0.080000
1 0.889062 0.038750 0.046875 0.072500
1 0.678125 0.046250 0.053125 0.087500
1 0.611719 0.046250 0.064062 0.087500
1 0.497656 0.040000 0.035937 0.055000
1 0.471094 0.030000 0.029687 0.055000
1 0.272656 0.116250 0.054688 0.087500
1 0.137500 0.070000 0.025000 0.050000
