1 0.250141 0.622490 0.032750 0.068273
1 0.315641 0.604920 0.033879 0.071285
1 0.390175 0.623494 0.033879 0.072289
1 0.453134 0.617972 0.027668 0.061245
1 0.514116 0.628012 0.029927 0.063253
1 0.574252 0.622992 0.038396 0.069277
1 0.641446 0.641064 0.028233 0.069277
1 0.691417 0.644578 0.029927 0.072289
1 0.751553 0.621988 0.031621 0.069277
1 0.806042 0.613956 0.037832 0.063253
1 0.745342 0.510542 0.041784 0.075301
1 0.748730 0.425703 0.028233 0.062249
1 0.668549 0.523594 0.033879 0.061245
1 0.624506 0.501506 0.032750 0.065261
1 0.551948 0.509036 0.035573 0.066265
1 0.492942 0.488454 0.033879 0.065261
1 0.433653 0.508534 0.031621 0.059237
1 0.360531 0.512048 0.033315 0.060241
1 0.301242 0.524598 0.029927 0.055221
1 0.249577 0.535141 0.040655 0.066265
1 0.291925 0.431727 0.028233 0.060241
1 0.350932 0.441767 0.029927 0.052209
1 0.402033 0.423695 0.025974 0.054217
1 0.462733 0.429719 0.022021 0.064257
1 0.520892 0.396586 0.026539 0.054217
1 0.573123 0.435743 0.030491 0.056225
1 0.625918 0.428213 0.026539 0.061245
1 0.687182 0.416165 0.030491 0.069277
