1 0.294552 0.397773 0.055619 0.111336
1 0.275823 0.220648 0.013621 0.036437
1 0.295687 0.229757 0.012486 0.030364
1 0.311578 0.227733 0.014756 0.038462
1 0.326901 0.206478 0.015891 0.032389
1 0.342792 0.225709 0.015891 0.038462
1 0.362089 0.187247 0.013621 0.034413
1 0.366629 0.238866 0.015891 0.040486
1 0.382520 0.213563 0.011351 0.030364
1 0.392168 0.209514 0.014756 0.026316
1 0.402384 0.237854 0.017026 0.042510
1 0.439841 0.235830 0.021566 0.038462
1 0.437003 0.160931 0.015891 0.030364
1 0.460840 0.201417 0.015891 0.046559
1 0.479569 0.155870 0.012486 0.024291
1 0.491487 0.155870 0.013621 0.032389
1 0.493757 0.118421 0.009081 0.018219
1 0.524404 0.124494 0.009081 0.026316
1 0.521566 0.173077 0.012486 0.038462
1 0.535755 0.162955 0.015891 0.022267
1 0.552781 0.183198 0.013621 0.042510
1 0.563564 0.157895 0.014756 0.032389
1 0.594779 0.112348 0.011351 0.022267
1 0.603292 0.155870 0.014756 0.044534
1 0.586833 0.216599 0.022701 0.048583
1 0.607264 0.228745 0.018161 0.040486
1 0.632236 0.234818 0.018161 0.044534
1 0.614075 0.106275 0.011351 0.022267
1 0.621453 0.136640 0.017026 0.034413
1 0.638479 0.155870 0.014756 0.032389
1 0.661180 0.111336 0.012486 0.032389
1 0.684449 0.120445 0.015891 0.038462
1 0.701476 0.115385 0.011351 0.028340
1 0.658910 0.179150 0.017026 0.034413
1 0.668558 0.231781 0.011351 0.046559
1 0.685017 0.260121 0.019296 0.046559
1 0.712259 0.329960 0.028377 0.072874
1 0.758229 0.355263 0.024972 0.070850
1 0.717934 0.229757 0.019296 0.046559
1 0.725880 0.143725 0.012486 0.028340
1 0.733825 0.188259 0.014756 0.040486
1 0.753689 0.132591 0.011351 0.038462
1 0.784336 0.138664 0.009081 0.030364
1 0.787174 0.165992 0.014756 0.028340
1 0.793984 0.203441 0.017026 0.038462
1 0.757662 0.240891 0.019296 0.044534
1 0.797957 0.289474 0.022701 0.052632
1 0.811578 0.256073 0.020431 0.054656
1 0.838252 0.149798 0.010216 0.020243
1 0.856413 0.147773 0.012486 0.032389
1 0.841090 0.221660 0.015891 0.042510
1 0.866061 0.181174 0.015891 0.038462
1 0.877412 0.230769 0.020431 0.048583
1 0.930760 0.212551 0.011351 0.036437
1 0.928490 0.262146 0.015891 0.042510
1 0.912599 0.318826 0.022701 0.054656
1 0.906924 0.180162 0.011351 0.028340
1 0.824631 0.173077 0.014756 0.034413
1 0.765607 0.124494 0.010216 0.022267
1 0.801930 0.138664 0.007946 0.022267
1 0.548241 0.136640 0.011351 0.026316
1 0.436436 0.202429 0.019296 0.040486
