1 0.129074 0.562591 0.043739 0.088792
1 0.229846 0.337700 0.015437 0.034934
1 0.261149 0.345706 0.021441 0.045124
1 0.280875 0.376274 0.019726 0.042213
1 0.290738 0.307132 0.018868 0.037846
1 0.333190 0.372635 0.026587 0.049491
1 0.361492 0.321689 0.018010 0.040757
1 0.357633 0.297671 0.015437 0.030568
1 0.391938 0.338428 0.018868 0.045124
1 0.414666 0.332606 0.018010 0.036390
1 0.412093 0.296215 0.018010 0.033479
1 0.401372 0.256914 0.017153 0.033479
1 0.433533 0.259825 0.012864 0.024745
1 0.440823 0.267831 0.015437 0.032023
1 0.444683 0.308588 0.023156 0.046579
1 0.458834 0.335517 0.020583 0.048035
1 0.481561 0.304949 0.018010 0.036390
1 0.514580 0.328239 0.020583 0.036390
1 0.479417 0.267831 0.017153 0.032023
1 0.473842 0.240902 0.016295 0.027656
1 0.515009 0.259825 0.018010 0.033479
1 0.531304 0.276565 0.018010 0.032023
1 0.531304 0.242358 0.016295 0.033479
1 0.554460 0.245997 0.018010 0.037846
1 0.569468 0.282387 0.013722 0.037846
1 0.589194 0.257642 0.017153 0.034934
1 0.581046 0.218341 0.012864 0.029112
1 0.596913 0.235080 0.013722 0.027656
1 0.614494 0.251092 0.012864 0.030568
1 0.617067 0.225619 0.012864 0.029112
1 0.623499 0.208151 0.015437 0.029112
1 0.644082 0.215429 0.013722 0.034934
1 0.653945 0.224163 0.014580 0.026201
1 0.659949 0.245269 0.014580 0.027656
1 0.688250 0.230713 0.014580 0.030568
1 0.690823 0.208151 0.014580 0.032023
1 0.703688 0.229985 0.012864 0.032023
1 0.501715 0.390102 0.032590 0.055313
1 0.555317 0.352984 0.026587 0.056769
1 0.554031 0.414119 0.030875 0.062591
1 0.601630 0.447598 0.036878 0.071325
1 0.615780 0.379185 0.032590 0.050946
1 0.614065 0.334061 0.024014 0.042213
1 0.656947 0.299854 0.022298 0.046579
1 0.667238 0.349345 0.025729 0.049491
1 0.682676 0.379913 0.027444 0.058224
1 0.655232 0.472344 0.039451 0.082969
1 0.718268 0.549491 0.040309 0.074236
1 0.852058 0.505822 0.038593 0.074236
1 0.755575 0.398108 0.029160 0.050946
1 0.708405 0.365357 0.025729 0.052402
1 0.714408 0.301310 0.020583 0.040757
1 0.685249 0.277293 0.020583 0.039301
1 0.728988 0.299127 0.015437 0.036390
1 0.726844 0.248908 0.019726 0.032023
1 0.750858 0.254731 0.016295 0.037846
1 0.756861 0.236536 0.014580 0.033479
1 0.770583 0.230713 0.012864 0.030568
1 0.789022 0.277293 0.013722 0.030568
1 0.805317 0.242358 0.017153 0.033479
1 0.801029 0.266376 0.015437 0.034934
1 0.836192 0.299127 0.018868 0.036390
1 0.846055 0.275109 0.016295 0.034934
1 0.834477 0.244541 0.013722 0.034934
1 0.837050 0.355167 0.022298 0.055313
1 0.812607 0.433770 0.031732 0.069869
1 0.873070 0.454876 0.036021 0.071325
1 0.951973 0.473799 0.034305 0.071325
1 0.886364 0.378457 0.031732 0.055313
1 0.894940 0.352984 0.024871 0.050946
1 0.909520 0.318049 0.019726 0.036390
1 0.922384 0.275109 0.019726 0.037846
1 0.901372 0.257642 0.012007 0.029112
1 0.881647 0.274381 0.017153 0.036390
1 0.868782 0.259825 0.018868 0.039301
1 0.870497 0.312227 0.018868 0.033479
1 0.939966 0.394469 0.022298 0.046579
1 0.961407 0.354440 0.018868 0.039301
1 0.969125 0.327511 0.018868 0.034934
1 0.961407 0.306405 0.015437 0.030568
1 0.966981 0.277293 0.016295 0.036390
1 0.941252 0.304221 0.016295 0.037846
