1 0.061715 0.706989 0.077406 0.107527
1 0.074268 0.630376 0.027197 0.045699
1 0.110879 0.622312 0.041841 0.056452
1 0.138075 0.633065 0.029289 0.051075
1 0.020921 0.635753 0.037657 0.061828
1 0.020921 0.685484 0.037657 0.080645
1 0.131799 0.706989 0.066946 0.102151
1 0.188285 0.795699 0.150628 0.198925
1 0.179916 0.669355 0.041841 0.069892
1 0.203975 0.642473 0.039749 0.059140
1 0.210251 0.610215 0.035565 0.053763
1 0.280335 0.721774 0.083682 0.126344
1 0.291841 0.642473 0.043933 0.064516
1 0.271967 0.615591 0.029289 0.048387
1 0.305439 0.604839 0.029289 0.048387
1 0.271967 0.590054 0.025105 0.034946
1 0.304393 0.581989 0.027197 0.045699
1 0.371339 0.518817 0.027197 0.037634
1 0.360879 0.704301 0.052301 0.091398
1 0.370293 0.655914 0.033473 0.059140
1 0.418410 0.692204 0.054393 0.094086
1 0.395397 0.639785 0.020921 0.043011
1 0.415272 0.620968 0.027197 0.048387
1 0.426778 0.647849 0.029289 0.043011
1 0.450837 0.635753 0.031381 0.051075
1 0.449791 0.602151 0.025105 0.048387
1 0.473849 0.611559 0.023013 0.040323
1 0.508368 0.604839 0.025105 0.048387
1 0.501046 0.655914 0.031381 0.048387
1 0.481172 0.706989 0.112971 0.112903
1 0.538703 0.826613 0.165272 0.255376
1 0.582636 0.689516 0.060669 0.077957
1 0.541841 0.612903 0.033473 0.048387
1 0.572176 0.614247 0.027197 0.051075
1 0.608787 0.622312 0.029289 0.045699
1 0.624477 0.665323 0.039749 0.061828
1 0.654812 0.711022 0.062762 0.115591
1 0.728033 0.752688 0.121339 0.155914
1 0.722803 0.650538 0.048117 0.069892
1 0.665272 0.649194 0.025105 0.045699
1 0.684100 0.633065 0.029289 0.045699
1 0.689331 0.668011 0.035565 0.056452
1 0.635983 0.603495 0.029289 0.045699
1 0.726987 0.606183 0.031381 0.051075
1 0.761506 0.627688 0.029289 0.051075
1 0.789749 0.600806 0.031381 0.034946
1 0.841004 0.700269 0.071130 0.104839
1 0.816946 0.655914 0.035565 0.053763
1 0.842050 0.633065 0.031381 0.051075
1 0.869247 0.607527 0.035565 0.048387
1 0.926778 0.768817 0.104603 0.155914
1 0.923640 0.701613 0.064854 0.086022
1 0.925732 0.661290 0.039749 0.053763
1 0.925732 0.627688 0.035565 0.051075
1 0.946653 0.612903 0.035565 0.064516
