1 0.184861 0.394068 0.047809 0.096045
1 0.288048 0.276130 0.021514 0.052260
1 0.308367 0.262712 0.022311 0.053672
1 0.332271 0.219633 0.020717 0.038136
1 0.353785 0.259181 0.027092 0.046610
1 0.400398 0.271186 0.024701 0.053672
1 0.384861 0.260593 0.022311 0.046610
1 0.393227 0.227401 0.019920 0.031073
1 0.401992 0.189972 0.018327 0.035311
1 0.420319 0.180085 0.019920 0.035311
1 0.449004 0.213277 0.023108 0.033898
1 0.487649 0.227401 0.022311 0.048023
1 0.447410 0.168079 0.016733 0.031073
1 0.443825 0.139831 0.014343 0.031073
1 0.508367 0.181497 0.023904 0.038136
1 0.463347 0.159605 0.015139 0.031073
1 0.485259 0.153955 0.015936 0.031073
1 0.502390 0.131356 0.015139 0.028249
1 0.545418 0.163136 0.019920 0.038136
1 0.539044 0.127119 0.016733 0.039548
1 0.556972 0.187853 0.023904 0.039548
1 0.552590 0.139831 0.015139 0.033898
1 0.562948 0.127119 0.013546 0.028249
1 0.580478 0.146186 0.016733 0.035311
1 0.588446 0.118644 0.013546 0.033898
1 0.569721 0.061441 0.014343 0.026836
1 0.609163 0.152542 0.016733 0.036723
1 0.603187 0.131356 0.014343 0.031073
1 0.609960 0.112288 0.013546 0.026836
1 0.637052 0.134181 0.019920 0.031073
1 0.637052 0.092514 0.015139 0.032486
1 0.646215 0.119350 0.014343 0.032486
1 0.665737 0.116525 0.016733 0.035311
1 0.693625 0.105932 0.018327 0.031073
1 0.540637 0.297316 0.031076 0.066384
1 0.554980 0.256356 0.029482 0.052260
1 0.600398 0.253531 0.024701 0.052260
1 0.601195 0.211158 0.023108 0.043785
1 0.631076 0.295198 0.030279 0.056497
1 0.649801 0.271893 0.023108 0.049435
1 0.653386 0.224576 0.022311 0.048023
1 0.676096 0.192090 0.023108 0.048023
1 0.705578 0.219633 0.023108 0.052260
1 0.810359 0.408898 0.036653 0.069209
1 0.882869 0.401836 0.039841 0.080508
1 0.780478 0.276836 0.026295 0.062147
1 0.744622 0.227401 0.031076 0.050847
1 0.715139 0.168079 0.019920 0.042373
1 0.730677 0.179379 0.020717 0.042373
1 0.751394 0.166667 0.017530 0.039548
1 0.754980 0.136299 0.016733 0.035311
1 0.772510 0.209746 0.016733 0.043785
1 0.777291 0.158898 0.016733 0.032486
1 0.779283 0.112994 0.014343 0.025424
1 0.809562 0.235169 0.020717 0.049435
1 0.814343 0.163136 0.014343 0.035311
1 0.823108 0.206921 0.023904 0.046610
1 0.833466 0.320621 0.030279 0.070621
1 0.909960 0.308616 0.025498 0.063559
1 0.915936 0.245763 0.027888 0.050847
1 0.850598 0.247175 0.023108 0.050847
1 0.872908 0.229520 0.023108 0.055085
1 0.805976 0.124294 0.015139 0.033898
1 0.822709 0.127119 0.016733 0.033898
1 0.852191 0.160311 0.015139 0.038136
1 0.860558 0.146186 0.015936 0.035311
1 0.886853 0.182910 0.017530 0.040960
1 0.892829 0.157486 0.015139 0.040960
1 0.836653 0.183616 0.019124 0.036723
