1 0.134000 0.680180 0.084000 0.153153
1 0.035000 0.602102 0.066000 0.111111
1 0.030000 0.507508 0.036000 0.072072
1 0.032000 0.463964 0.032000 0.057057
1 0.089000 0.462462 0.034000 0.054054
1 0.115000 0.512012 0.046000 0.081081
1 0.125000 0.468468 0.034000 0.066066
1 0.258000 0.509009 0.048000 0.075075
1 0.208000 0.468468 0.032000 0.066066
1 0.250000 0.457958 0.036000 0.051051
1 0.300000 0.564565 0.056000 0.096096
1 0.298000 0.484985 0.032000 0.063063
1 0.310000 0.448949 0.028000 0.051051
1 0.338000 0.444444 0.024000 0.054054
1 0.354000 0.478979 0.036000 0.057057
1 0.376000 0.465465 0.032000 0.066066
1 0.390000 0.456456 0.024000 0.054054
1 0.473000 0.370871 0.098000 0.147147
1 0.331000 0.888889 0.150000 0.222222
1 0.540000 0.774775 0.120000 0.222222
1 0.581000 0.590090 0.058000 0.105105
1 0.588000 0.498498 0.040000 0.066066
1 0.624000 0.475976 0.040000 0.075075
1 0.668000 0.465465 0.032000 0.072072
1 0.656000 0.558559 0.052000 0.090090
1 0.734000 0.516517 0.040000 0.084084
1 0.761000 0.518018 0.034000 0.069069
1 0.781000 0.478979 0.034000 0.075075
1 0.823000 0.612613 0.086000 0.144144
1 0.861000 0.581081 0.066000 0.117117
1 0.886000 0.548048 0.044000 0.105105
1 0.954000 0.557057 0.056000 0.087087
1 0.984000 0.537538 0.032000 0.078078
