1 0.116480 0.554506 0.039689 0.079942
1 0.220449 0.342297 0.019845 0.036337
1 0.256687 0.347384 0.023296 0.043605
1 0.277394 0.370640 0.021570 0.046512
1 0.283003 0.306686 0.018982 0.034884
1 0.331320 0.361919 0.024159 0.046512
1 0.352890 0.327035 0.018982 0.037791
1 0.351165 0.298692 0.017256 0.033430
1 0.411562 0.333576 0.022433 0.039244
1 0.446074 0.337936 0.024159 0.042151
1 0.424504 0.292878 0.015531 0.024709
1 0.407248 0.296512 0.020708 0.034884
1 0.390423 0.263081 0.018119 0.031977
1 0.427524 0.260901 0.016393 0.027616
1 0.471527 0.266715 0.016393 0.030523
1 0.477998 0.306686 0.020708 0.034884
1 0.508628 0.324855 0.025022 0.045058
1 0.469802 0.242006 0.016393 0.033430
1 0.516825 0.265262 0.017256 0.036337
1 0.527179 0.275436 0.015531 0.036337
1 0.546592 0.294331 0.018119 0.039244
1 0.550043 0.254360 0.016393 0.034884
1 0.564280 0.226744 0.013805 0.029070
1 0.578085 0.220930 0.013805 0.026163
1 0.584556 0.223110 0.011217 0.021802
1 0.591890 0.234012 0.015531 0.026163
1 0.589733 0.264535 0.018119 0.034884
1 0.614323 0.248547 0.017256 0.029070
1 0.610440 0.223110 0.014668 0.024709
1 0.609146 0.205669 0.015531 0.021802
1 0.639344 0.215843 0.013805 0.027616
1 0.650561 0.222384 0.013805 0.026163
1 0.654012 0.246366 0.013805 0.027616
1 0.686368 0.231105 0.018119 0.029070
1 0.700173 0.226017 0.016393 0.033430
1 0.685505 0.208576 0.014668 0.027616
1 0.684211 0.279797 0.022433 0.042151
1 0.647541 0.305233 0.019845 0.040698
1 0.612166 0.329942 0.025022 0.040698
1 0.612166 0.377907 0.028473 0.055233
1 0.545298 0.360465 0.025884 0.049419
1 0.556946 0.414971 0.035375 0.059593
1 0.481881 0.407703 0.035375 0.065407
1 0.605263 0.457122 0.035375 0.071221
1 0.648404 0.470203 0.035375 0.079942
1 0.662640 0.371366 0.031061 0.059593
1 0.703192 0.359738 0.024159 0.053779
1 0.738568 0.403343 0.034513 0.065407
1 0.720880 0.529070 0.038827 0.084302
1 0.836928 0.515262 0.037964 0.071221
1 0.805867 0.432413 0.029336 0.065407
1 0.835634 0.361919 0.026747 0.049419
1 0.882226 0.392442 0.033650 0.061047
1 0.949525 0.465843 0.030198 0.068314
1 0.710958 0.300872 0.018982 0.043605
1 0.721311 0.300145 0.017256 0.030523
1 0.721311 0.250727 0.017256 0.033430
1 0.747627 0.252180 0.018119 0.036337
1 0.763589 0.241279 0.013805 0.031977
1 0.791199 0.261628 0.013805 0.029070
1 0.801122 0.237645 0.016393 0.030523
1 0.798533 0.283430 0.019845 0.034884
1 0.835634 0.297965 0.018119 0.037791
1 0.867990 0.323401 0.018982 0.039244
1 0.895168 0.336483 0.019845 0.045058
1 0.912425 0.320494 0.016393 0.036337
1 0.940897 0.330669 0.018119 0.036337
1 0.961173 0.359738 0.022433 0.050872
1 0.960311 0.307413 0.015531 0.039244
1 0.965919 0.276890 0.012942 0.030523
1 0.926661 0.285610 0.015531 0.039244
1 0.938309 0.304506 0.016393 0.030523
1 0.904228 0.255814 0.013805 0.034884
1 0.882226 0.273983 0.018119 0.033430
1 0.868852 0.274709 0.017256 0.031977
1 0.864538 0.252907 0.015531 0.029070
1 0.830026 0.243459 0.018982 0.036337
