1 0.345781 0.236615 0.016489 0.037997
1 0.371484 0.271157 0.023278 0.037997
1 0.414161 0.158031 0.015519 0.029361
1 0.456838 0.221071 0.021339 0.044905
1 0.483996 0.310017 0.027158 0.053541
1 0.537342 0.319516 0.031038 0.058722
1 0.584384 0.384283 0.032008 0.060449
1 0.631426 0.244387 0.023278 0.053541
1 0.675073 0.206390 0.019399 0.046632
1 0.552861 0.123489 0.017459 0.032815
1 0.567895 0.127807 0.012609 0.031088
1 0.586809 0.114853 0.013579 0.029361
1 0.768186 0.280656 0.029098 0.063903
1 0.834142 0.306563 0.027158 0.070812
1 0.896702 0.145078 0.012609 0.027634
1 0.925315 0.153713 0.011639 0.031088
