1 0.039855 0.315280 0.062319 0.108317
1 0.132609 0.348162 0.079710 0.127660
1 0.259420 0.391683 0.086957 0.145068
1 0.526087 0.487427 0.121739 0.177950
1 0.557246 0.312379 0.071014 0.098646
1 0.678986 0.364603 0.073913 0.114120
1 0.435507 0.274662 0.053623 0.088975
1 0.342754 0.271760 0.050725 0.063830
1 0.315942 0.232108 0.034783 0.061896
1 0.244203 0.257253 0.039130 0.069632
1 0.174638 0.242747 0.044928 0.059961
1 0.128986 0.226306 0.040580 0.054159
1 0.419565 0.251451 0.044928 0.058027
1 0.487681 0.256286 0.044928 0.071567
1 0.518841 0.216634 0.034783 0.054159
1 0.557246 0.242747 0.039130 0.063830
1 0.594203 0.219536 0.034783 0.056093
1 0.655797 0.216634 0.030435 0.061896
1 0.707971 0.269826 0.056522 0.079304
1 0.795652 0.242747 0.046377 0.075435
1 0.856522 0.280464 0.063768 0.085106
1 0.939855 0.251451 0.050725 0.069632
1 0.944928 0.205996 0.037681 0.056093
