1 0.141975 0.266488 0.018519 0.037433
1 0.143004 0.409982 0.055556 0.092692
1 0.323045 0.233512 0.018519 0.032086
1 0.379115 0.201426 0.021605 0.035651
1 0.392490 0.247772 0.019547 0.035651
1 0.419753 0.248663 0.018519 0.040998
1 0.447531 0.270053 0.018519 0.037433
1 0.471708 0.202317 0.015432 0.030303
1 0.467078 0.189840 0.014403 0.023173
1 0.518519 0.225490 0.020576 0.040998
1 0.552469 0.229947 0.020576 0.039216
1 0.574074 0.163102 0.016461 0.030303
1 0.602366 0.270945 0.021605 0.042781
1 0.631687 0.286096 0.024691 0.055258
1 0.701132 0.196970 0.015432 0.030303
1 0.709877 0.222816 0.018519 0.035651
1 0.734053 0.208556 0.019547 0.035651
1 0.750514 0.241533 0.019547 0.037433
1 0.777778 0.215686 0.018519 0.035651
1 0.789095 0.250446 0.018519 0.040998
1 0.827675 0.297683 0.021605 0.049911
1 0.863169 0.311052 0.024691 0.058824
1 0.921296 0.303030 0.019547 0.042781
1 0.943930 0.235294 0.015432 0.046346
