1 0.019697 0.470455 0.033333 0.068182
1 0.018182 0.411364 0.030303 0.059091
1 0.106061 0.488636 0.042424 0.068182
1 0.193939 0.409091 0.036364 0.054545
1 0.224242 0.422727 0.036364 0.063636
1 0.289394 0.588636 0.069697 0.150000
1 0.363636 0.625000 0.096970 0.168182
1 0.280303 0.436364 0.039394 0.072727
1 0.325758 0.445455 0.039394 0.072727
1 0.419697 0.463636 0.039394 0.063636
1 0.421212 0.513636 0.054545 0.081818
1 0.390909 0.450000 0.030303 0.054545
1 0.396970 0.413636 0.024242 0.045455
1 0.434848 0.413636 0.027273 0.063636
1 0.469697 0.447727 0.036364 0.068182
1 0.515152 0.443182 0.030303 0.050000
1 0.550000 0.436364 0.033333 0.072727
1 0.533333 0.400000 0.024242 0.045455
1 0.575758 0.418182 0.024242 0.054545
1 0.601515 0.447727 0.033333 0.059091
1 0.619697 0.413636 0.027273 0.045455
1 0.645455 0.429545 0.024242 0.050000
1 0.669697 0.415909 0.030303 0.040909
1 0.656061 0.388636 0.027273 0.050000
1 0.671212 0.461364 0.033333 0.059091
1 0.633333 0.561364 0.066667 0.113636
1 0.804545 0.515909 0.063636 0.113636
1 0.812121 0.413636 0.036364 0.054545
1 0.769697 0.404545 0.024242 0.045455
1 0.733333 0.438636 0.036364 0.059091
1 0.715152 0.409091 0.024242 0.054545
1 0.701515 0.400000 0.021212 0.054545
1 0.743939 0.404545 0.021212 0.045455
