1 0.205938 0.345840 0.048068 0.088091
1 0.304430 0.240620 0.016965 0.040783
1 0.319510 0.265090 0.018850 0.047308
1 0.338831 0.269168 0.023563 0.042414
1 0.335061 0.214519 0.014138 0.034258
1 0.353440 0.219413 0.018850 0.034258
1 0.361923 0.236542 0.016965 0.029364
1 0.387842 0.224307 0.023563 0.037520
1 0.394439 0.197390 0.023563 0.032626
1 0.431197 0.217781 0.019793 0.034258
1 0.438737 0.278140 0.027333 0.047308
1 0.434025 0.176183 0.017908 0.032626
1 0.453346 0.185971 0.020735 0.039152
1 0.464185 0.212072 0.017908 0.042414
1 0.473610 0.189233 0.016023 0.035889
1 0.459472 0.168026 0.016023 0.029364
1 0.462771 0.147635 0.015080 0.024470
1 0.481150 0.146003 0.014138 0.024470
1 0.488219 0.166395 0.016965 0.029364
1 0.510368 0.186786 0.017908 0.034258
1 0.527333 0.203915 0.023563 0.045677
1 0.494345 0.128874 0.016023 0.029364
1 0.541470 0.137847 0.019793 0.040783
1 0.552309 0.155791 0.016965 0.037520
1 0.562677 0.141109 0.013195 0.027732
1 0.581527 0.164763 0.020735 0.039152
1 0.567861 0.115824 0.016023 0.026101
1 0.590481 0.128874 0.014138 0.026101
1 0.603676 0.099511 0.016023 0.029364
1 0.624882 0.111746 0.013195 0.030995
1 0.627238 0.147635 0.017908 0.034258
1 0.657870 0.110930 0.013195 0.029364
1 0.678134 0.116639 0.017908 0.030995
1 0.701697 0.100326 0.014138 0.034258
1 0.516023 0.307504 0.031103 0.057096
1 0.553723 0.294454 0.029218 0.060359
1 0.580113 0.236542 0.027333 0.048940
1 0.622526 0.241436 0.021678 0.048940
1 0.621112 0.209625 0.026390 0.040783
1 0.668709 0.245514 0.025448 0.050571
1 0.623940 0.332790 0.035815 0.065253
1 0.682846 0.331974 0.032988 0.070147
1 0.730443 0.268352 0.028275 0.047308
1 0.780867 0.281403 0.027333 0.057096
1 0.716305 0.217781 0.022620 0.040783
1 0.679076 0.198206 0.021678 0.040783
1 0.693685 0.158238 0.018850 0.039152
1 0.712535 0.172920 0.020735 0.042414
1 0.738454 0.169657 0.016023 0.032626
1 0.751178 0.197390 0.020735 0.045677
1 0.770500 0.177814 0.019793 0.035889
1 0.731857 0.133768 0.016023 0.032626
1 0.746466 0.115824 0.015080 0.035889
1 0.759661 0.135400 0.015080 0.035889
1 0.763431 0.108483 0.015080 0.030995
1 0.780867 0.131321 0.021678 0.037520
1 0.813855 0.173736 0.017908 0.044046
1 0.817625 0.133768 0.010368 0.026101
1 0.827050 0.127243 0.016023 0.026101
1 0.842130 0.137031 0.014138 0.035889
1 0.836946 0.161501 0.015080 0.035889
1 0.857681 0.187602 0.020735 0.045677
1 0.872290 0.159054 0.017908 0.044046
1 0.881244 0.146819 0.018850 0.039152
1 0.913761 0.131321 0.016023 0.030995
1 0.911404 0.163948 0.018850 0.040783
1 0.883129 0.225938 0.020735 0.044046
1 0.914703 0.221044 0.017908 0.044046
1 0.934025 0.272431 0.024505 0.055465
1 0.931197 0.199837 0.018850 0.047308
1 0.943921 0.153344 0.016023 0.035889
