1 0.268333 0.638750 0.123333 0.212500
1 0.190833 0.523750 0.078333 0.112500
1 0.092500 0.490000 0.065000 0.095000
1 0.029167 0.465000 0.051667 0.095000
1 0.058333 0.407500 0.036667 0.050000
1 0.106667 0.406250 0.046667 0.072500
1 0.140000 0.406250 0.026667 0.047500
1 0.185000 0.423750 0.046667 0.077500
1 0.216667 0.411250 0.030000 0.057500
1 0.258333 0.448750 0.056667 0.092500
1 0.290000 0.425000 0.040000 0.080000
1 0.310833 0.406250 0.035000 0.062500
1 0.244167 0.386250 0.018333 0.032500
1 0.346667 0.383750 0.023333 0.037500
1 0.340000 0.361250 0.026667 0.042500
1 0.360000 0.492500 0.060000 0.095000
1 0.380000 0.432500 0.043333 0.080000
1 0.378333 0.387500 0.030000 0.060000
1 0.440833 0.423750 0.041667 0.062500
1 0.475833 0.437500 0.058333 0.090000
1 0.477500 0.386250 0.031667 0.052500
1 0.508333 0.405000 0.030000 0.070000
1 0.545000 0.488750 0.100000 0.147500
1 0.658333 0.698750 0.160000 0.312500
1 0.846667 0.628750 0.083333 0.167500
1 0.865833 0.531250 0.078333 0.117500
1 0.901667 0.501250 0.050000 0.092500
1 0.921667 0.467500 0.046667 0.085000
1 0.943333 0.436250 0.036667 0.062500
1 0.857500 0.418750 0.031667 0.052500
1 0.833333 0.417500 0.030000 0.055000
1 0.814167 0.438750 0.035000 0.057500
1 0.783333 0.447500 0.043333 0.075000
1 0.748333 0.476250 0.053333 0.082500
1 0.661667 0.487500 0.070000 0.105000
1 0.695833 0.400000 0.028333 0.055000
1 0.665833 0.405000 0.035000 0.055000
1 0.607500 0.423750 0.031667 0.062500
1 0.619167 0.396250 0.028333 0.042500
1 0.574167 0.400000 0.021667 0.045000
1 0.547500 0.413750 0.031667 0.057500
1 0.541667 0.380000 0.026667 0.030000
1 0.670833 0.275000 0.028333 0.045000
