1 0.022000 0.561333 0.042000 0.074667
1 0.043000 0.404000 0.026000 0.037333
1 0.088000 0.440000 0.026000 0.042667
1 0.138500 0.563333 0.047000 0.060000
1 0.173000 0.477333 0.038000 0.053333
1 0.207000 0.410667 0.018000 0.034667
1 0.221500 0.538000 0.035000 0.057333
1 0.295500 0.434000 0.023000 0.038667
1 0.352500 0.422667 0.019000 0.032000
1 0.372000 0.476000 0.026000 0.034667
1 0.410500 0.459333 0.021000 0.036000
1 0.463000 0.526667 0.028000 0.042667
1 0.464500 0.478667 0.019000 0.032000
1 0.545500 0.458667 0.021000 0.032000
1 0.553500 0.478667 0.023000 0.034667
1 0.589500 0.510000 0.027000 0.041333
1 0.553500 0.528000 0.029000 0.045333
1 0.522000 0.604667 0.040000 0.049333
1 0.435000 0.648667 0.048000 0.081333
1 0.740000 0.576667 0.040000 0.060000
1 0.693000 0.523333 0.026000 0.044000
1 0.614000 0.579333 0.038000 0.052000
1 0.890000 0.528667 0.028000 0.038667
1 0.948000 0.507333 0.062000 0.076000
