1 0.416667 0.385031 0.057292 0.106481
1 0.391927 0.326389 0.033854 0.066358
1 0.372396 0.269290 0.026042 0.054012
1 0.450955 0.277006 0.025174 0.047840
1 0.524740 0.273920 0.025174 0.050926
1 0.550781 0.373457 0.037326 0.074074
1 0.582031 0.293981 0.030382 0.050926
1 0.621094 0.266975 0.023438 0.049383
1 0.870226 0.291667 0.176215 0.277778
1 0.290365 0.317901 0.030382 0.061728
1 0.233941 0.367284 0.039062 0.080247
1 0.205295 0.310185 0.026910 0.052469
1 0.145833 0.339506 0.029514 0.061728
1 0.150608 0.314043 0.025174 0.047840
1 0.134983 0.287037 0.021701 0.043210
1 0.113281 0.283179 0.025174 0.060185
1 0.068142 0.291667 0.026910 0.043210
1 0.024306 0.314815 0.029514 0.058642
1 0.022135 0.267747 0.023438 0.038580
