1 0.092912 0.533141 0.032567 0.063401
1 0.081418 0.495677 0.028736 0.051873
1 0.141762 0.527378 0.026820 0.046110
1 0.164751 0.533141 0.038314 0.069164
1 0.198276 0.577810 0.051724 0.083573
1 0.261494 0.645533 0.067050 0.103746
1 0.270115 0.510086 0.022989 0.040346
1 0.261494 0.492795 0.021073 0.034582
1 0.288314 0.491354 0.024904 0.048991
1 0.324713 0.500000 0.028736 0.048991
1 0.341954 0.476945 0.021073 0.043228
1 0.356322 0.528818 0.038314 0.060519
1 0.407088 0.541787 0.040230 0.063401
1 0.414751 0.485591 0.024904 0.043228
1 0.442529 0.432277 0.019157 0.040346
1 0.463602 0.498559 0.026820 0.051873
1 0.477969 0.548991 0.047893 0.083573
1 0.506705 0.511527 0.032567 0.060519
1 0.486590 0.475504 0.026820 0.051873
1 0.510536 0.471182 0.021073 0.037464
1 0.535441 0.497118 0.028736 0.054755
1 0.557471 0.471182 0.022989 0.048991
1 0.599617 0.495677 0.034483 0.063401
1 0.617816 0.468300 0.032567 0.048991
1 0.651341 0.521614 0.049808 0.080692
1 0.718391 0.481268 0.034483 0.057637
1 0.774904 0.485591 0.032567 0.054755
1 0.843870 0.491354 0.040230 0.077810
1 0.975096 0.476945 0.045977 0.083573
