1 0.066500 0.844333 0.128000 0.196000
1 0.120625 0.587667 0.074250 0.111333
1 0.177500 0.580000 0.059000 0.096000
1 0.322625 0.651333 0.088750 0.127333
1 0.301125 0.589667 0.075750 0.109333
1 0.340875 0.543167 0.055250 0.097000
1 0.444625 0.537667 0.062750 0.100000
1 0.516125 0.522833 0.068250 0.097000
1 0.512375 0.601167 0.092250 0.120333
1 0.576750 0.364833 0.063500 0.085667
1 0.639250 0.548667 0.070500 0.104000
1 0.596500 0.686667 0.115000 0.153333
1 0.514375 0.921500 0.196250 0.156333
1 0.701000 0.570000 0.051500 0.082000
1 0.784000 0.511833 0.061500 0.095000
1 0.805125 0.646833 0.106750 0.142333
1 0.854875 0.568000 0.071250 0.102000
1 0.886375 0.513833 0.050750 0.085000
1 0.948375 0.505333 0.082750 0.122000
