1 0.056364 0.458967 0.047273 0.091185
1 0.070909 0.402736 0.040000 0.075988
1 0.020909 0.424012 0.034545 0.069909
1 0.161818 0.820669 0.141818 0.255319
1 0.266364 0.504559 0.052727 0.103343
1 0.208182 0.329787 0.045455 0.100304
1 0.134545 0.357143 0.040000 0.075988
1 0.286364 0.462006 0.038182 0.066869
1 0.318182 0.407295 0.032727 0.066869
1 0.362727 0.493921 0.052727 0.106383
1 0.354545 0.428571 0.040000 0.048632
1 0.354545 0.392097 0.029091 0.042553
1 0.438182 0.338906 0.058182 0.118541
1 0.492727 0.416413 0.032727 0.060790
1 0.540000 0.500000 0.054545 0.106383
1 0.521818 0.433131 0.040000 0.082067
1 0.563636 0.430091 0.032727 0.069909
1 0.611818 0.448328 0.052727 0.088146
1 0.658182 0.449848 0.043636 0.091185
1 0.647273 0.594225 0.080000 0.130699
1 0.726364 0.527356 0.060000 0.106383
1 0.728182 0.460486 0.045455 0.088146
1 0.796364 0.506079 0.054545 0.094225
1 0.853636 0.442249 0.049091 0.100304
1 0.959091 0.495441 0.049091 0.091185
