1 0.034375 0.396766 0.063750 0.196517
1 0.037500 0.231343 0.037500 0.084577
1 0.063125 0.199005 0.026250 0.049751
1 0.118125 0.197761 0.026250 0.062189
1 0.136250 0.190299 0.022500 0.052239
1 0.269375 0.223881 0.033750 0.079602
1 0.284375 0.252488 0.036250 0.087065
1 0.338125 0.222637 0.038750 0.082090
1 0.345000 0.167910 0.032500 0.057214
1 0.385000 0.172886 0.027500 0.072139
1 0.408750 0.218905 0.047500 0.099502
1 0.430000 0.186567 0.025000 0.054726
1 0.328750 0.431592 0.105000 0.241294
1 0.608125 0.461443 0.141250 0.325871
1 0.540000 0.124378 0.092500 0.228856
1 0.621875 0.222637 0.038750 0.097015
1 0.645000 0.144279 0.035000 0.064677
1 0.687500 0.038557 0.030000 0.067164
1 0.841250 0.641791 0.247500 0.457711
