1 0.120000 0.400485 0.083636 0.121359
1 0.103636 0.569175 0.080000 0.104369
1 0.214545 0.439320 0.061818 0.111650
1 0.265455 0.625000 0.076364 0.123786
1 0.339091 0.529126 0.063636 0.101942
1 0.367273 0.417476 0.054545 0.087379
1 0.413636 0.532767 0.063636 0.114078
1 0.513636 0.486650 0.067273 0.118932
1 0.514545 0.675971 0.080000 0.123786
1 0.631818 0.510922 0.063636 0.104369
1 0.655455 0.695388 0.085455 0.123786
1 0.790909 0.587379 0.080000 0.145631
1 0.783636 0.371359 0.076364 0.121359
1 0.949091 0.388350 0.087273 0.121359
