1 0.131346 0.604796 0.041902 0.119005
1 0.225624 0.325044 0.022562 0.053286
1 0.214343 0.295737 0.017728 0.044405
1 0.271958 0.266430 0.015310 0.042629
1 0.287268 0.271758 0.015310 0.046181
1 0.305802 0.239787 0.016922 0.046181
1 0.330379 0.269094 0.017728 0.051510
1 0.347301 0.237123 0.014504 0.040853
1 0.367446 0.290409 0.019339 0.047957
1 0.391620 0.266430 0.016116 0.042629
1 0.439162 0.332149 0.024174 0.049734
1 0.361805 0.222025 0.014504 0.031972
1 0.385979 0.213144 0.012893 0.031972
1 0.428284 0.222913 0.018533 0.040853
1 0.430298 0.187389 0.012893 0.033748
1 0.465753 0.277087 0.019339 0.046181
1 0.489927 0.230018 0.014504 0.033748
1 0.475826 0.201599 0.013699 0.040853
1 0.462127 0.197158 0.012087 0.028419
1 0.449637 0.189165 0.014504 0.033748
1 0.490733 0.177620 0.016116 0.035524
1 0.515713 0.197158 0.014504 0.035524
1 0.524174 0.181172 0.013699 0.031972
1 0.551168 0.245115 0.016116 0.042629
1 0.567284 0.237123 0.016116 0.044405
1 0.556406 0.189165 0.018533 0.040853
1 0.549960 0.156306 0.013699 0.031972
1 0.572522 0.154529 0.015310 0.039076
1 0.579774 0.198934 0.016922 0.039076
1 0.607172 0.201599 0.013699 0.040853
1 0.618453 0.226465 0.015310 0.040853
1 0.654714 0.206039 0.012087 0.031972
1 0.649073 0.170515 0.012087 0.039076
1 0.626511 0.150089 0.016922 0.040853
1 0.596293 0.141208 0.016116 0.030195
1 0.663981 0.152753 0.012893 0.035524
1 0.686946 0.159858 0.013699 0.031972
1 0.708703 0.177620 0.015310 0.039076
1 0.694198 0.245115 0.015310 0.042629
1 0.676471 0.206039 0.015310 0.039076
1 0.569702 0.373002 0.022562 0.060391
1 0.602337 0.405861 0.026591 0.062167
1 0.609186 0.326821 0.019339 0.053286
1 0.658340 0.280639 0.022562 0.060391
1 0.721193 0.293073 0.017728 0.046181
1 0.655117 0.439609 0.020951 0.055062
1 0.717969 0.432504 0.024174 0.062167
1 0.799758 0.507105 0.024980 0.087034
1 0.841660 0.550622 0.031426 0.081705
1 0.880338 0.434281 0.018533 0.055062
1 0.959710 0.485790 0.022562 0.069272
1 0.947623 0.416519 0.019339 0.058615
1 0.972200 0.399645 0.016922 0.049734
1 0.968574 0.351687 0.014504 0.042629
1 0.978646 0.306394 0.018533 0.044405
1 0.948429 0.273535 0.017728 0.049734
1 0.927881 0.301066 0.013699 0.033748
1 0.923852 0.360568 0.020145 0.049734
1 0.900483 0.285968 0.012087 0.035524
1 0.891620 0.259325 0.013699 0.042629
1 0.883965 0.321492 0.017728 0.046181
1 0.870266 0.349911 0.022562 0.049734
1 0.859790 0.377442 0.019339 0.047957
1 0.813054 0.328597 0.019339 0.049734
1 0.747381 0.326821 0.023368 0.049734
1 0.740129 0.257549 0.016922 0.039076
1 0.744964 0.218472 0.012087 0.031972
1 0.776793 0.236234 0.014504 0.039076
1 0.793312 0.276199 0.015310 0.047957
1 0.817083 0.259325 0.014504 0.035524
1 0.840854 0.242451 0.013699 0.037300
1 0.868654 0.260213 0.016116 0.037300
1 0.805802 0.217584 0.016116 0.044405
1 0.771152 0.204263 0.016116 0.035524
