1 0.119048 0.580398 0.047619 0.085758
1 0.212081 0.352221 0.018519 0.039816
1 0.240741 0.385145 0.021164 0.050536
1 0.269841 0.394334 0.024691 0.047473
1 0.274691 0.320061 0.022046 0.039816
1 0.324515 0.379020 0.024691 0.053599
1 0.350529 0.336907 0.016755 0.039816
1 0.344797 0.306279 0.021164 0.033691
1 0.380071 0.348392 0.022928 0.041348
1 0.405203 0.343032 0.020282 0.049005
1 0.403439 0.311639 0.022046 0.035222
1 0.399912 0.284839 0.013228 0.021440
1 0.386684 0.271057 0.013228 0.030628
1 0.431658 0.253446 0.013228 0.035222
1 0.446649 0.264165 0.013228 0.035222
1 0.464727 0.277948 0.017637 0.035222
1 0.467813 0.245023 0.011464 0.024502
1 0.473986 0.232772 0.014991 0.027565
1 0.446649 0.352221 0.020282 0.045942
1 0.433422 0.318530 0.020282 0.045942
1 0.467372 0.328484 0.021164 0.047473
1 0.498236 0.330015 0.024691 0.041348
1 0.507496 0.273354 0.016755 0.035222
1 0.523369 0.282542 0.020282 0.041348
1 0.522928 0.247320 0.017637 0.035222
1 0.544974 0.258806 0.019400 0.039816
1 0.561287 0.284839 0.022046 0.045942
1 0.586420 0.261103 0.019400 0.038285
1 0.572310 0.219755 0.012346 0.026034
1 0.585097 0.206738 0.016755 0.030628
1 0.615520 0.254977 0.017637 0.032159
1 0.622575 0.208270 0.017637 0.030628
1 0.642857 0.208270 0.015873 0.033691
1 0.653880 0.225881 0.014991 0.029096
1 0.650794 0.257274 0.019400 0.036753
1 0.681217 0.210567 0.016755 0.035222
1 0.693122 0.234303 0.015873 0.033691
1 0.699735 0.219755 0.016755 0.038285
1 0.686067 0.283308 0.021164 0.039816
1 0.724427 0.264165 0.020282 0.038285
1 0.732804 0.308576 0.019400 0.041348
1 0.698413 0.332312 0.022928 0.042879
1 0.648148 0.316998 0.022928 0.039816
1 0.611111 0.336907 0.029982 0.045942
1 0.541887 0.379786 0.029101 0.055130
1 0.473986 0.432619 0.037919 0.056662
1 0.532628 0.448698 0.037037 0.076570
1 0.600529 0.467075 0.035273 0.076570
1 0.645944 0.487749 0.034392 0.075038
1 0.673280 0.387443 0.030864 0.061256
1 0.662257 0.352221 0.021164 0.039816
1 0.626102 0.392802 0.029982 0.053599
1 0.723104 0.571210 0.040564 0.076570
1 0.710317 0.382848 0.027337 0.055130
1 0.741182 0.424962 0.030864 0.062787
1 0.796737 0.441807 0.032628 0.062787
1 0.853616 0.542879 0.040564 0.084227
1 0.882716 0.490046 0.033510 0.076570
1 0.950617 0.490812 0.035273 0.078101
1 0.888448 0.406585 0.027337 0.059724
1 0.839947 0.372894 0.023810 0.050536
1 0.853616 0.352986 0.019400 0.038285
1 0.829365 0.314701 0.018519 0.038285
1 0.802028 0.285605 0.018519 0.038285
1 0.788360 0.274119 0.017637 0.039816
1 0.769841 0.273354 0.021164 0.044410
1 0.758818 0.245023 0.020282 0.033691
1 0.807760 0.244257 0.015873 0.041348
1 0.838183 0.246554 0.016755 0.027565
1 0.849647 0.271057 0.016755 0.036753
1 0.872575 0.261103 0.011464 0.029096
1 0.884480 0.278714 0.015873 0.036753
1 0.902998 0.264931 0.015873 0.036753
1 0.879630 0.334609 0.020282 0.050536
1 0.905203 0.348392 0.022046 0.047473
1 0.929894 0.331547 0.022046 0.038285
1 0.931658 0.298622 0.018519 0.039816
1 0.949735 0.334609 0.021164 0.050536
1 0.956349 0.316998 0.014991 0.033691
1 0.974868 0.290965 0.011464 0.024502
1 0.978836 0.313170 0.012346 0.038285
1 0.977072 0.379786 0.021164 0.045942
