1 0.042386 0.583042 0.043956 0.113636
1 0.211931 0.302448 0.018838 0.045455
1 0.273155 0.260490 0.015699 0.048951
1 0.323391 0.248252 0.017268 0.038462
1 0.329670 0.217657 0.023548 0.047203
1 0.344584 0.242133 0.015699 0.047203
1 0.365777 0.218531 0.012559 0.031469
1 0.365777 0.201923 0.012559 0.033217
1 0.381868 0.285839 0.021193 0.050699
1 0.405024 0.199301 0.015699 0.041958
1 0.411303 0.250874 0.018838 0.047203
1 0.447017 0.316434 0.021193 0.059441
1 0.447410 0.198427 0.015699 0.040210
1 0.481947 0.266608 0.023548 0.061189
1 0.487834 0.179196 0.016484 0.050699
1 0.507457 0.160839 0.018053 0.034965
1 0.506672 0.214161 0.019623 0.050699
1 0.467425 0.174825 0.016484 0.045455
1 0.543171 0.169580 0.017268 0.034965
1 0.562009 0.236888 0.020408 0.043706
1 0.565934 0.150350 0.023548 0.045455
1 0.558085 0.167832 0.014129 0.038462
1 0.587127 0.141608 0.015699 0.041958
1 0.584380 0.211538 0.018053 0.038462
1 0.594584 0.168706 0.011774 0.050699
1 0.603218 0.137238 0.014914 0.040210
1 0.640895 0.131119 0.014914 0.038462
1 0.636185 0.213287 0.021193 0.041958
1 0.675039 0.134615 0.017268 0.045455
1 0.666405 0.188811 0.015699 0.041958
1 0.700549 0.140734 0.021193 0.040210
1 0.693485 0.162587 0.016484 0.038462
1 0.721350 0.159965 0.017268 0.047203
1 0.622057 0.302448 0.021193 0.062937
1 0.565149 0.362762 0.025118 0.050699
1 0.618524 0.380245 0.023548 0.057692
1 0.664835 0.421329 0.026688 0.055944
1 0.666405 0.266608 0.025118 0.054196
1 0.718995 0.227273 0.020408 0.045455
1 0.717425 0.303322 0.018838 0.047203
1 0.747645 0.212413 0.014914 0.054196
1 0.785714 0.180070 0.015699 0.045455
1 0.813972 0.199301 0.015699 0.038462
1 0.784929 0.222902 0.018838 0.036713
1 0.772370 0.295455 0.020408 0.052448
1 0.735871 0.404720 0.027473 0.054196
1 0.805730 0.464161 0.027473 0.082168
1 0.819466 0.311189 0.017268 0.059441
1 0.830063 0.229021 0.016484 0.048951
1 0.875589 0.246503 0.016484 0.048951
1 0.865777 0.355769 0.023548 0.064685
1 0.895212 0.436189 0.016484 0.061189
1 0.863030 0.537587 0.036892 0.103147
1 0.908556 0.250000 0.013344 0.041958
1 0.894035 0.289336 0.015699 0.050699
1 0.923077 0.340909 0.014129 0.045455
1 0.937206 0.279720 0.014129 0.041958
1 0.952119 0.269231 0.017268 0.041958
1 0.985479 0.271853 0.019623 0.047203
1 0.976060 0.317308 0.013344 0.040210
1 0.965071 0.393357 0.022763 0.059441
1 0.958006 0.457168 0.024333 0.054196
1 0.758634 0.243881 0.027473 0.057692
1 0.793171 0.264860 0.018053 0.036713
1 0.616170 0.187937 0.014129 0.047203
1 0.627159 0.164336 0.020408 0.038462
1 0.426609 0.186189 0.014914 0.033217
