1 0.102469 0.453704 0.041975 0.089226
1 0.186420 0.273569 0.015638 0.035354
1 0.213992 0.288721 0.021399 0.048822
1 0.255144 0.237374 0.016461 0.033670
1 0.293827 0.245791 0.016461 0.040404
1 0.299588 0.201178 0.013169 0.038721
1 0.320165 0.232323 0.013169 0.043771
1 0.337449 0.217172 0.014815 0.047138
1 0.361728 0.257576 0.015638 0.047138
1 0.350617 0.198653 0.014815 0.033670
1 0.379424 0.189394 0.013169 0.028620
1 0.381893 0.244108 0.016461 0.040404
1 0.423868 0.194444 0.013169 0.035354
1 0.434568 0.170875 0.009877 0.035354
1 0.451029 0.181818 0.014815 0.026936
1 0.486008 0.205387 0.010700 0.033670
1 0.461317 0.250000 0.017284 0.048822
1 0.423457 0.313973 0.015638 0.045455
1 0.545267 0.222222 0.015638 0.033670
1 0.486420 0.151515 0.011523 0.026936
1 0.513580 0.170034 0.014815 0.043771
1 0.551029 0.158249 0.012346 0.030303
1 0.547737 0.130471 0.013992 0.025253
1 0.574074 0.132997 0.013992 0.026936
1 0.575309 0.167508 0.013169 0.028620
1 0.566255 0.201178 0.014815 0.035354
1 0.606173 0.175084 0.012346 0.030303
1 0.587654 0.122054 0.014815 0.028620
1 0.618930 0.196970 0.013169 0.037037
1 0.653909 0.185185 0.012346 0.033670
1 0.646502 0.146465 0.012346 0.030303
1 0.628395 0.128788 0.012346 0.035354
1 0.602058 0.148148 0.012346 0.020202
1 0.660494 0.127946 0.013992 0.033670
1 0.684774 0.132155 0.013169 0.025253
1 0.684362 0.165825 0.013992 0.035354
1 0.711934 0.154882 0.011523 0.033670
1 0.662140 0.233165 0.018930 0.038721
1 0.567490 0.340909 0.022222 0.045455
1 0.609053 0.290404 0.019753 0.052189
1 0.706173 0.217172 0.013169 0.037037
1 0.723868 0.261785 0.018930 0.048822
1 0.739506 0.228956 0.012346 0.033670
1 0.776955 0.211279 0.013169 0.031987
1 0.747325 0.192761 0.014815 0.031987
1 0.776543 0.180135 0.010700 0.023569
1 0.811523 0.188552 0.013169 0.033670
1 0.816461 0.228114 0.013169 0.035354
1 0.795062 0.247475 0.013169 0.043771
1 0.744033 0.294613 0.014815 0.047138
1 0.606173 0.373737 0.023868 0.057239
1 0.661728 0.400673 0.027984 0.053872
1 0.720576 0.409091 0.023868 0.060606
1 0.784362 0.447811 0.026337 0.077441
1 0.869547 0.517677 0.028807 0.082492
1 0.875720 0.425084 0.021399 0.069024
1 0.813580 0.297138 0.017284 0.052189
1 0.875309 0.314815 0.018930 0.047138
1 0.893416 0.287879 0.013992 0.037037
1 0.830041 0.216330 0.015638 0.038721
1 0.869547 0.228114 0.013992 0.035354
1 0.906173 0.223906 0.013169 0.030303
1 0.907407 0.257576 0.010700 0.030303
1 0.934979 0.269360 0.013169 0.040404
1 0.927572 0.316498 0.014815 0.047138
1 0.862140 0.374579 0.015638 0.052189
1 0.963374 0.455387 0.020576 0.062290
1 0.953909 0.378788 0.014815 0.050505
1 0.979424 0.369529 0.013169 0.048822
1 0.980658 0.321549 0.013992 0.047138
1 0.988477 0.256734 0.011523 0.042088
1 0.954733 0.243266 0.013169 0.038721
