1 0.160844 0.383547 0.027656 0.040598
1 0.195051 0.380342 0.029112 0.051282
1 0.251820 0.367521 0.023290 0.038462
1 0.275837 0.383547 0.036390 0.061966
1 0.320961 0.392094 0.033479 0.053419
1 0.345706 0.388889 0.027656 0.051282
1 0.418486 0.391026 0.039301 0.068376
1 0.437409 0.367521 0.024745 0.047009
1 0.466521 0.396368 0.027656 0.049145
1 0.514556 0.384615 0.021834 0.034188
1 0.532023 0.391026 0.024745 0.042735
1 0.584425 0.408120 0.027656 0.047009
1 0.611354 0.424145 0.046579 0.079060
1 0.654294 0.382479 0.021834 0.051282
1 0.718341 0.379274 0.033479 0.057692
1 0.745997 0.391026 0.030568 0.047009
1 0.766376 0.396368 0.039301 0.061966
1 0.784571 0.404915 0.026201 0.040598
1 0.849345 0.429487 0.056769 0.094017
1 0.884279 0.401709 0.039301 0.076923
1 0.906841 0.413462 0.026201 0.053419
1 0.943959 0.398504 0.021834 0.036325
