1 0.029000 0.674174 0.054000 0.105105
1 0.022000 0.593093 0.040000 0.069069
1 0.080000 0.624625 0.048000 0.072072
1 0.059000 0.596096 0.030000 0.057057
1 0.147000 0.606607 0.038000 0.060060
1 0.167000 0.591592 0.022000 0.048048
1 0.399000 0.540541 0.030000 0.054054
1 0.396000 0.585586 0.032000 0.060060
1 0.438000 0.608108 0.040000 0.081081
1 0.476000 0.648649 0.056000 0.084084
1 0.496000 0.570571 0.032000 0.048048
1 0.475000 0.468468 0.022000 0.036036
1 0.557000 0.605105 0.046000 0.069069
1 0.575000 0.702703 0.086000 0.144144
1 0.627000 0.654655 0.058000 0.090090
1 0.661000 0.560060 0.026000 0.045045
1 0.688000 0.576577 0.028000 0.042042
1 0.714000 0.560060 0.024000 0.039039
1 0.772000 0.818318 0.140000 0.231231
1 0.771000 0.692192 0.078000 0.123123
1 0.774000 0.600601 0.048000 0.078078
1 0.788000 0.572072 0.032000 0.057057
1 0.862000 0.557057 0.036000 0.051051
1 0.875000 0.627628 0.050000 0.084084
1 0.897000 0.540541 0.030000 0.048048
1 0.923000 0.567568 0.034000 0.054054
1 0.950000 0.617117 0.052000 0.081081
