1 0.073917 0.410385 0.042373 0.083752
1 0.329567 0.257956 0.018832 0.036851
1 0.314030 0.233668 0.016008 0.025126
1 0.330508 0.227806 0.015066 0.026801
1 0.352637 0.231156 0.017891 0.040201
1 0.366761 0.243719 0.017891 0.045226
1 0.387006 0.262144 0.022599 0.051926
1 0.366290 0.195980 0.016949 0.033501
1 0.398776 0.221106 0.019774 0.040201
1 0.386535 0.193467 0.017891 0.038526
1 0.409134 0.190117 0.017891 0.038526
1 0.452448 0.189280 0.017891 0.036851
1 0.470810 0.232831 0.018832 0.040201
1 0.457627 0.230318 0.016949 0.035176
1 0.472693 0.206030 0.015066 0.026801
1 0.475518 0.177554 0.013183 0.033501
1 0.491055 0.200168 0.019774 0.041876
1 0.532486 0.206030 0.019774 0.043551
1 0.523070 0.171692 0.019774 0.045226
1 0.544256 0.155779 0.015066 0.040201
1 0.560734 0.064489 0.016008 0.028476
1 0.582392 0.063652 0.014124 0.026801
1 0.623352 0.067002 0.015066 0.030151
1 0.666196 0.048576 0.016008 0.026801
1 0.696798 0.053601 0.015066 0.036851
1 0.728343 0.066164 0.014124 0.031826
1 0.620527 0.149916 0.020716 0.035176
1 0.617232 0.123953 0.016008 0.023451
1 0.580508 0.144054 0.012241 0.026801
1 0.564972 0.123116 0.015066 0.031826
1 0.572976 0.170854 0.017891 0.033501
1 0.595574 0.134003 0.012241 0.026801
1 0.500942 0.332496 0.026365 0.058626
1 0.566384 0.308208 0.029190 0.063652
1 0.607345 0.329146 0.033898 0.068677
1 0.613936 0.240369 0.028249 0.058626
1 0.634181 0.206030 0.019774 0.043551
1 0.653955 0.200168 0.021657 0.051926
1 0.673258 0.210218 0.022599 0.051926
1 0.678437 0.257119 0.023540 0.051926
1 0.716102 0.221106 0.027307 0.053601
1 0.704802 0.188442 0.017891 0.031826
1 0.704331 0.144891 0.020716 0.041876
1 0.717043 0.148241 0.017891 0.035176
1 0.761299 0.134003 0.017891 0.040201
1 0.769774 0.162479 0.017891 0.036851
1 0.740113 0.200168 0.022599 0.051926
1 0.722693 0.279732 0.027307 0.063652
1 0.770245 0.226968 0.028249 0.058626
1 0.784369 0.298995 0.028249 0.058626
1 0.789077 0.140704 0.018832 0.040201
1 0.807439 0.157454 0.019774 0.043551
1 0.847458 0.177554 0.022599 0.046901
1 0.861111 0.161642 0.019774 0.038526
1 0.890301 0.196817 0.019774 0.045226
1 0.897363 0.164154 0.022599 0.043551
1 0.869115 0.253769 0.026365 0.055276
1 0.843691 0.323283 0.035782 0.073702
1 0.915725 0.252931 0.025424 0.056951
1 0.974576 0.340871 0.039548 0.085427
