1 0.155004 0.500698 0.056143 0.104749
1 0.231489 0.336592 0.018714 0.036313
1 0.258747 0.351257 0.024410 0.046089
1 0.295769 0.356145 0.023596 0.044693
1 0.288446 0.300279 0.017087 0.036313
1 0.333198 0.361034 0.025224 0.043296
1 0.366965 0.314944 0.017901 0.032123
1 0.358421 0.287709 0.017087 0.030726
1 0.392189 0.324721 0.017901 0.034916
1 0.414158 0.326117 0.019528 0.034916
1 0.411717 0.290503 0.016273 0.030726
1 0.446705 0.335894 0.022783 0.046089
1 0.388120 0.260475 0.014646 0.034916
1 0.399919 0.275838 0.013832 0.026536
1 0.410496 0.257682 0.017087 0.032123
1 0.450366 0.258380 0.015460 0.027933
1 0.434906 0.277933 0.017087 0.036313
1 0.469894 0.298883 0.015460 0.033520
1 0.513426 0.302374 0.019528 0.034916
1 0.495932 0.261173 0.017087 0.033520
1 0.465419 0.237430 0.013019 0.027933
1 0.471928 0.226257 0.011391 0.022346
1 0.519121 0.240922 0.016273 0.029330
1 0.546786 0.243715 0.016273 0.032123
1 0.551261 0.280726 0.017087 0.039106
1 0.580960 0.250000 0.017901 0.033520
1 0.558584 0.210894 0.012205 0.030726
1 0.571196 0.212291 0.011391 0.019553
1 0.574451 0.235335 0.011391 0.023743
1 0.600081 0.236034 0.013832 0.030726
1 0.609032 0.199022 0.012205 0.026536
1 0.626526 0.208799 0.011391 0.026536
1 0.633442 0.224162 0.010578 0.026536
1 0.638731 0.242318 0.014646 0.029330
1 0.674939 0.226955 0.013832 0.032123
1 0.661513 0.214385 0.013019 0.023743
1 0.501627 0.379888 0.028478 0.064246
1 0.550448 0.391061 0.031733 0.061453
1 0.614321 0.417598 0.030919 0.069832
1 0.607404 0.370810 0.028478 0.054469
1 0.598861 0.317039 0.024410 0.044693
1 0.632221 0.290503 0.021155 0.039106
1 0.647681 0.325419 0.021155 0.047486
1 0.695281 0.344972 0.021969 0.050279
1 0.666395 0.432961 0.034174 0.072626
1 0.657038 0.386173 0.026851 0.054469
1 0.717657 0.455307 0.039056 0.081006
1 0.742474 0.397346 0.028478 0.054469
1 0.774207 0.448324 0.030106 0.058659
1 0.800244 0.352654 0.021969 0.051676
1 0.813670 0.503492 0.034174 0.068436
1 0.842148 0.426676 0.027665 0.060056
1 0.906835 0.460196 0.030106 0.065642
1 0.894630 0.387570 0.023596 0.048883
1 0.854760 0.376397 0.023596 0.054469
1 0.877543 0.314944 0.018714 0.046089
1 0.873474 0.358939 0.021969 0.044693
1 0.917006 0.356844 0.021155 0.046089
1 0.925956 0.326117 0.016273 0.037709
1 0.927177 0.292598 0.013832 0.032123
1 0.677787 0.265363 0.017901 0.036313
1 0.707486 0.248603 0.015460 0.036313
1 0.722539 0.283520 0.017901 0.039106
1 0.731896 0.257682 0.017087 0.037709
1 0.733523 0.229749 0.013832 0.032123
1 0.755899 0.224860 0.016273 0.030726
1 0.770138 0.280028 0.017087 0.040503
1 0.773800 0.249302 0.014646 0.029330
1 0.779902 0.236732 0.012205 0.026536
1 0.751017 0.257682 0.014646 0.029330
1 0.815297 0.299581 0.021155 0.034916
1 0.849064 0.300978 0.017087 0.037709
1 0.819365 0.342179 0.021155 0.050279
1 0.815297 0.270251 0.016273 0.032123
1 0.809194 0.238128 0.017087 0.034916
1 0.836859 0.254190 0.013832 0.030726
1 0.851098 0.268156 0.016273 0.033520
1 0.858015 0.255587 0.015460 0.030726
1 0.868186 0.247207 0.014646 0.033520
1 0.904801 0.280028 0.017901 0.037709
1 0.932465 0.259078 0.017901 0.032123
