1 0.108678 0.548940 0.046975 0.106036
1 0.226911 0.267537 0.015924 0.035889
1 0.236067 0.285481 0.021497 0.048940
1 0.283439 0.239804 0.020701 0.045677
1 0.311704 0.238989 0.018312 0.040783
1 0.315287 0.210440 0.017516 0.039152
1 0.333997 0.231648 0.016720 0.039152
1 0.349920 0.230832 0.015127 0.044046
1 0.368631 0.264274 0.022293 0.055465
1 0.368232 0.200653 0.016720 0.039152
1 0.389331 0.194127 0.015924 0.048940
1 0.402468 0.237357 0.019904 0.047308
1 0.439092 0.296900 0.024682 0.052202
1 0.434315 0.194127 0.016720 0.039152
1 0.440287 0.166395 0.017516 0.035889
1 0.478105 0.237357 0.023089 0.044046
1 0.499204 0.206362 0.015924 0.037520
1 0.480892 0.176183 0.017516 0.045677
1 0.468949 0.176183 0.014331 0.039152
1 0.459793 0.168842 0.013535 0.027732
1 0.499204 0.158238 0.014331 0.032626
1 0.524283 0.171289 0.016720 0.042414
1 0.551354 0.234910 0.019904 0.039152
1 0.563296 0.157423 0.018312 0.034258
1 0.557723 0.141109 0.013535 0.030995
1 0.582803 0.203915 0.015924 0.039152
1 0.585987 0.171289 0.015924 0.035889
1 0.584395 0.137031 0.014331 0.032626
1 0.602309 0.128874 0.015127 0.032626
1 0.609076 0.153344 0.014331 0.029364
1 0.613854 0.181892 0.015924 0.034258
1 0.611465 0.210440 0.019108 0.039152
1 0.635350 0.128874 0.015924 0.029364
1 0.662022 0.180261 0.016720 0.034258
1 0.658439 0.147635 0.012739 0.027732
1 0.663217 0.133768 0.012739 0.029364
1 0.690287 0.158238 0.017516 0.039152
1 0.694268 0.141109 0.014331 0.037520
1 0.714172 0.163132 0.012739 0.039152
1 0.583201 0.335237 0.024682 0.053834
1 0.610669 0.382545 0.028662 0.060359
1 0.617436 0.289560 0.027866 0.057096
1 0.664411 0.248777 0.023089 0.060359
1 0.698646 0.216150 0.019904 0.044046
1 0.663217 0.389886 0.030255 0.068515
1 0.727309 0.396411 0.031051 0.068515
1 0.719347 0.281403 0.023089 0.053834
1 0.744825 0.233279 0.018312 0.042414
1 0.733280 0.224307 0.015924 0.037520
1 0.756369 0.212072 0.015924 0.039152
1 0.770701 0.185155 0.015924 0.037520
1 0.783041 0.200653 0.016720 0.042414
1 0.794586 0.245514 0.020701 0.060359
1 0.754777 0.295269 0.022293 0.055465
1 0.801752 0.309135 0.025478 0.053834
1 0.828025 0.234095 0.020701 0.040783
1 0.809315 0.194943 0.018312 0.037520
1 0.831608 0.209625 0.015127 0.037520
1 0.864650 0.230832 0.015924 0.037520
1 0.880573 0.236542 0.014331 0.039152
1 0.901672 0.221860 0.016720 0.035889
1 0.902866 0.260196 0.015924 0.047308
1 0.887739 0.278140 0.019108 0.047308
1 0.871019 0.304241 0.022293 0.053834
1 0.863455 0.337684 0.021497 0.048940
1 0.802150 0.441272 0.031051 0.083197
1 0.870621 0.486134 0.029459 0.081566
1 0.886943 0.402936 0.023885 0.071778
1 0.935908 0.416803 0.024682 0.060359
1 0.954618 0.360522 0.017516 0.045677
1 0.977707 0.361338 0.015924 0.050571
1 0.928742 0.323002 0.018312 0.055465
1 0.929936 0.267537 0.014331 0.035889
1 0.953025 0.246330 0.012739 0.032626
1 0.981688 0.254486 0.012739 0.039152
1 0.979299 0.307504 0.015924 0.044046
