1 0.192656 0.368590 0.044424 0.089744
1 0.284225 0.213942 0.017226 0.036859
1 0.304624 0.226763 0.018132 0.036859
1 0.322303 0.221955 0.019039 0.043269
1 0.347688 0.233173 0.019039 0.046474
1 0.370807 0.246795 0.019946 0.044872
1 0.415684 0.249199 0.020852 0.046474
1 0.329102 0.177885 0.018132 0.038462
1 0.351768 0.188301 0.018132 0.036859
1 0.369447 0.183494 0.019039 0.040064
1 0.385313 0.196314 0.019946 0.040064
1 0.418404 0.194712 0.019039 0.036859
1 0.447869 0.232372 0.023572 0.041667
1 0.417498 0.158654 0.017226 0.035256
1 0.432910 0.170673 0.019039 0.036859
1 0.453762 0.145032 0.017226 0.030449
1 0.468722 0.175481 0.021759 0.040064
1 0.496827 0.216346 0.023572 0.044872
1 0.500000 0.177083 0.019039 0.036859
1 0.486401 0.157051 0.019039 0.035256
1 0.468268 0.129006 0.013599 0.027244
1 0.485494 0.130609 0.013599 0.024038
1 0.537171 0.177885 0.017226 0.038462
1 0.525385 0.156250 0.015413 0.036859
1 0.505893 0.141026 0.012693 0.032051
1 0.502267 0.120994 0.012693 0.030449
1 0.524932 0.120994 0.014506 0.030449
1 0.547144 0.164263 0.017226 0.030449
1 0.545331 0.140224 0.013599 0.027244
1 0.548051 0.114583 0.013599 0.030449
1 0.562557 0.145833 0.011786 0.028846
1 0.573889 0.130609 0.012693 0.030449
1 0.579329 0.179487 0.021759 0.035256
1 0.581596 0.110577 0.011786 0.028846
1 0.593382 0.129808 0.013599 0.032051
1 0.603354 0.148237 0.013599 0.027244
1 0.599275 0.109776 0.012693 0.030449
1 0.620127 0.149038 0.014506 0.032051
1 0.622393 0.120994 0.015413 0.027244
1 0.629193 0.108974 0.012693 0.028846
1 0.644606 0.099359 0.014506 0.025641
1 0.655032 0.127404 0.015413 0.030449
1 0.658658 0.111378 0.011786 0.024038
1 0.679964 0.119391 0.012693 0.030449
1 0.677244 0.103365 0.012693 0.024038
1 0.702176 0.110577 0.013599 0.032051
1 0.499547 0.273237 0.025385 0.062500
1 0.572983 0.281250 0.025385 0.059295
1 0.603354 0.311699 0.029918 0.075321
1 0.586129 0.236378 0.026292 0.052885
1 0.619674 0.246795 0.024479 0.054487
1 0.622847 0.199519 0.018132 0.040064
1 0.663645 0.263622 0.021759 0.049679
1 0.674071 0.346154 0.031732 0.073718
1 0.668178 0.190705 0.018132 0.041667
1 0.698549 0.157853 0.017226 0.043269
1 0.711695 0.187500 0.016319 0.041667
1 0.726201 0.284455 0.025385 0.056090
1 0.728015 0.215545 0.023572 0.046474
1 0.756120 0.199519 0.019946 0.046474
1 0.737534 0.143429 0.015413 0.030449
1 0.746600 0.154647 0.017226 0.036859
1 0.752040 0.132212 0.017226 0.033654
1 0.763826 0.154647 0.013599 0.036859
1 0.779238 0.132212 0.013599 0.027244
1 0.805530 0.153846 0.015413 0.028846
1 0.788758 0.216346 0.019946 0.044872
1 0.773799 0.238782 0.020852 0.051282
1 0.786038 0.287660 0.021759 0.062500
1 0.773799 0.356571 0.029918 0.065705
1 0.822756 0.383814 0.033545 0.078526
1 0.829102 0.302885 0.022665 0.064103
1 0.832276 0.241186 0.021759 0.052885
1 0.856301 0.269231 0.019039 0.044872
1 0.883500 0.230769 0.019039 0.044872
1 0.917044 0.330929 0.026292 0.062500
1 0.869900 0.422276 0.033545 0.078526
1 0.922937 0.286058 0.023572 0.040064
1 0.927017 0.233173 0.017226 0.040064
