1 0.199091 0.491620 0.016364 0.027933
1 0.157273 0.530726 0.020000 0.027933
1 0.036364 0.680168 0.040000 0.081006
1 0.133636 0.660615 0.041818 0.064246
1 0.190909 0.698324 0.050909 0.083799
1 0.234545 0.847765 0.101818 0.159218
1 0.078182 0.842179 0.087273 0.136872
1 0.344545 0.696927 0.049091 0.086592
1 0.274545 0.629888 0.036364 0.075419
1 0.334545 0.611732 0.025455 0.033520
1 0.368182 0.649441 0.034545 0.058659
1 0.400909 0.606145 0.027273 0.039106
1 0.395455 0.576816 0.016364 0.025140
1 0.365455 0.589385 0.014545 0.027933
1 0.340000 0.582402 0.018182 0.030726
1 0.540909 0.850559 0.114545 0.203911
1 0.537273 0.705307 0.063636 0.108939
1 0.519091 0.645251 0.034545 0.061453
1 0.487273 0.636872 0.040000 0.067039
1 0.490000 0.587989 0.023636 0.036313
1 0.578182 0.639665 0.036364 0.061453
1 0.609091 0.660615 0.043636 0.064246
1 0.691818 0.685754 0.056364 0.081006
1 0.780000 0.808659 0.098182 0.153631
1 0.822727 0.685754 0.063636 0.086592
1 0.952727 0.708101 0.054545 0.081006
1 0.946364 0.632682 0.030909 0.053073
1 0.916364 0.620112 0.032727 0.050279
1 0.845455 0.615922 0.029091 0.047486
1 0.847273 0.589385 0.025455 0.039106
1 0.795455 0.593575 0.023636 0.036313
1 0.743636 0.667598 0.036364 0.061453
1 0.748182 0.614525 0.027273 0.039106
1 0.765455 0.596369 0.018182 0.036313
1 0.766364 0.575419 0.020000 0.033520
1 0.740909 0.582402 0.020000 0.030726
1 0.721818 0.579609 0.014545 0.036313
1 0.706364 0.613128 0.023636 0.041899
1 0.662727 0.624302 0.030909 0.047486
1 0.069091 0.624302 0.032727 0.041899
1 0.031818 0.589385 0.023636 0.033520
1 0.039091 0.571229 0.016364 0.025140
1 0.009091 0.571229 0.014545 0.019553
1 0.086364 0.596369 0.027273 0.036313
1 0.198182 0.617318 0.025455 0.039106
1 0.232727 0.617318 0.029091 0.033520
1 0.232727 0.583799 0.021818 0.027933
1 0.254545 0.583799 0.014545 0.027933
1 0.271818 0.586592 0.016364 0.027933
1 0.289091 0.581006 0.018182 0.027933
1 0.610000 0.587989 0.020000 0.036313
1 0.589091 0.596369 0.018182 0.036313
1 0.550909 0.592179 0.025455 0.027933
1 0.533636 0.579609 0.016364 0.019553
1 0.646364 0.575419 0.016364 0.027933
