1 0.230909 0.617808 0.065455 0.090411
1 0.345455 0.620548 0.072727 0.106849
1 0.203636 0.572603 0.065455 0.087671
1 0.137273 0.557534 0.041818 0.057534
1 0.311818 0.541096 0.045455 0.073973
1 0.307273 0.483562 0.036364 0.057534
1 0.371818 0.545205 0.041818 0.076712
1 0.425455 0.569863 0.040000 0.082192
1 0.464545 0.583562 0.049091 0.082192
1 0.521818 0.605479 0.058182 0.082192
1 0.501818 0.498630 0.040000 0.071233
1 0.464545 0.501370 0.030909 0.049315
1 0.434545 0.521918 0.029091 0.052055
1 0.404545 0.505479 0.030909 0.046575
1 0.567273 0.469863 0.025455 0.041096
1 0.583636 0.528767 0.025455 0.054795
1 0.620909 0.549315 0.041818 0.073973
1 0.604545 0.480822 0.030909 0.052055
1 0.718182 0.471233 0.036364 0.065753
1 0.776364 0.568493 0.061818 0.101370
1 0.847273 0.571233 0.054545 0.084932
1 0.823636 0.541096 0.036364 0.052055
1 0.810909 0.495890 0.036364 0.060274
1 0.780000 0.473973 0.036364 0.071233
1 0.869091 0.528767 0.029091 0.049315
1 0.916364 0.554795 0.047273 0.079452
1 0.947273 0.527397 0.032727 0.079452
1 0.986364 0.560274 0.027273 0.073973
