1 0.086667 0.492519 0.166667 0.306733
1 0.111667 0.320449 0.150000 0.117207
1 0.045000 0.250623 0.083333 0.077307
1 0.105000 0.225686 0.083333 0.057357
1 0.333333 0.249377 0.073333 0.054863
1 0.288333 0.221945 0.056667 0.049875
1 0.251667 0.210723 0.043333 0.032419
1 0.416667 0.280549 0.093333 0.092269
1 0.598333 0.331671 0.190000 0.169576
1 0.483333 0.229426 0.073333 0.064838
1 0.416667 0.226933 0.053333 0.034913
1 0.590000 0.223192 0.053333 0.037406
1 0.675000 0.264339 0.076667 0.064838
1 0.765000 0.250623 0.070000 0.057357
1 0.860000 0.240648 0.060000 0.047382
1 0.891667 0.321696 0.116667 0.104738
1 0.975000 0.284289 0.050000 0.074813
1 0.746667 0.159601 0.060000 0.054863
