1 0.095506 0.559524 0.051364 0.125850
1 0.203050 0.288265 0.022472 0.052721
1 0.226726 0.278912 0.023274 0.054422
1 0.274880 0.225340 0.018459 0.049320
1 0.281300 0.251701 0.020064 0.047619
1 0.306982 0.203231 0.021669 0.049320
1 0.326244 0.210034 0.020064 0.049320
1 0.344302 0.219388 0.019262 0.047619
1 0.367175 0.249150 0.023274 0.052721
1 0.363162 0.188776 0.018459 0.040816
1 0.386437 0.181122 0.018459 0.039116
1 0.392055 0.224490 0.020064 0.051020
1 0.431782 0.295918 0.025682 0.061224
1 0.428571 0.191327 0.017657 0.042517
1 0.439807 0.147959 0.016051 0.034014
1 0.454655 0.153061 0.013644 0.030612
1 0.474719 0.162415 0.016854 0.049320
1 0.474318 0.234694 0.022472 0.054422
1 0.490770 0.210884 0.016854 0.047619
1 0.524077 0.222789 0.019262 0.040816
1 0.518058 0.161565 0.020064 0.044218
1 0.493579 0.142857 0.017657 0.044218
1 0.526485 0.148810 0.017657 0.039116
1 0.553772 0.143707 0.016051 0.035714
1 0.551364 0.123299 0.014446 0.032313
1 0.574238 0.125000 0.016854 0.039116
1 0.579454 0.154762 0.016051 0.037415
1 0.575843 0.189626 0.020064 0.045918
1 0.604735 0.184524 0.016854 0.042517
1 0.613965 0.165816 0.019262 0.035714
1 0.605939 0.145408 0.014446 0.032313
1 0.598315 0.113946 0.015249 0.030612
1 0.632424 0.111395 0.012841 0.035714
1 0.655297 0.140306 0.015249 0.028912
1 0.654896 0.118197 0.012841 0.042517
1 0.659711 0.174320 0.017657 0.039116
1 0.684992 0.145408 0.016854 0.042517
1 0.691413 0.130952 0.016854 0.037415
1 0.716693 0.142857 0.017657 0.044218
1 0.690209 0.207483 0.019262 0.047619
1 0.665730 0.227041 0.021669 0.052721
1 0.622392 0.290816 0.026485 0.068027
1 0.573836 0.318878 0.027287 0.066327
1 0.608748 0.352891 0.031300 0.076531
1 0.654494 0.402211 0.031300 0.076531
1 0.723917 0.387755 0.027287 0.071429
1 0.714286 0.244048 0.019262 0.056122
1 0.745586 0.218537 0.019262 0.052721
1 0.751605 0.281463 0.026485 0.062925
1 0.803371 0.300170 0.022472 0.062925
1 0.792536 0.249150 0.020064 0.049320
1 0.778090 0.209184 0.023274 0.051020
1 0.764045 0.175170 0.017657 0.040816
1 0.807785 0.179422 0.020064 0.045918
1 0.816212 0.216837 0.016051 0.045918
1 0.831461 0.204082 0.014446 0.040816
1 0.860754 0.217687 0.013644 0.034014
1 0.874398 0.221088 0.013644 0.044218
1 0.890449 0.266156 0.020064 0.049320
1 0.906100 0.225340 0.014446 0.049320
1 0.857544 0.327381 0.020064 0.059524
1 0.866372 0.304422 0.015249 0.051020
1 0.881220 0.389456 0.025682 0.068027
1 0.794944 0.448129 0.032905 0.096939
1 0.858748 0.523810 0.032103 0.081633
1 0.925361 0.320578 0.017657 0.052721
1 0.932986 0.261054 0.016854 0.049320
1 0.955859 0.250000 0.017657 0.040816
1 0.984751 0.250000 0.014446 0.037415
1 0.975120 0.354592 0.016051 0.056122
1 0.974318 0.316327 0.012841 0.037415
1 0.947030 0.369048 0.024077 0.068027
1 0.945425 0.437925 0.024077 0.073129
