1 0.089130 0.603093 0.071014 0.134021
1 0.092029 0.474227 0.044928 0.082474
1 0.086957 0.422680 0.034783 0.056701
1 0.094203 0.365979 0.034783 0.067010
1 0.020290 0.399485 0.037681 0.067010
1 0.018841 0.467784 0.034783 0.095361
1 0.155072 0.422680 0.034783 0.072165
1 0.169565 0.363402 0.023188 0.041237
1 0.228261 0.438144 0.042029 0.077320
1 0.225362 0.394330 0.030435 0.046392
1 0.234058 0.368557 0.027536 0.041237
1 0.278261 0.403351 0.031884 0.069588
1 0.286957 0.371134 0.026087 0.051546
1 0.281159 0.610825 0.066667 0.139175
1 0.298551 0.501289 0.057971 0.115979
1 0.357971 0.416237 0.031884 0.064433
1 0.354348 0.372423 0.027536 0.043814
1 0.337681 0.360825 0.023188 0.046392
1 0.420290 0.394330 0.031884 0.056701
1 0.413043 0.365979 0.031884 0.046392
1 0.439130 0.454897 0.040580 0.085052
1 0.411594 0.524485 0.052174 0.110825
1 0.475362 0.639175 0.075362 0.170103
1 0.512319 0.430412 0.033333 0.072165
1 0.470290 0.349227 0.027536 0.054124
1 0.544203 0.462629 0.042029 0.095361
1 0.579710 0.547680 0.055072 0.126289
1 0.573913 0.407216 0.028986 0.061856
1 0.612319 0.409794 0.033333 0.072165
1 0.629710 0.377577 0.027536 0.054124
1 0.675362 0.400773 0.034783 0.069588
1 0.664493 0.488402 0.047826 0.105670
1 0.644203 0.711340 0.079710 0.164948
1 0.744928 0.564433 0.069565 0.149485
1 0.719565 0.445876 0.044928 0.087629
1 0.710870 0.376289 0.024638 0.061856
1 0.768841 0.403351 0.036232 0.074742
1 0.788406 0.385309 0.028986 0.074742
1 0.818841 0.480670 0.049275 0.110825
1 0.842754 0.447165 0.044928 0.090206
1 0.878986 0.386598 0.042029 0.077320
1 0.955797 0.698454 0.088406 0.226804
1 0.971014 0.488402 0.057971 0.146907
