1 0.191875 0.704167 0.126250 0.205000
1 0.308750 0.881667 0.207500 0.223333
1 0.126250 0.569167 0.097500 0.121667
1 0.060625 0.457500 0.053750 0.088333
1 0.076250 0.422500 0.047500 0.078333
1 0.217500 0.438333 0.057500 0.080000
1 0.264375 0.455833 0.041250 0.065000
1 0.265625 0.535833 0.086250 0.091667
1 0.345000 0.473333 0.052500 0.080000
1 0.370000 0.557500 0.095000 0.128333
1 0.439375 0.489167 0.061250 0.091667
1 0.481875 0.485833 0.056250 0.088333
1 0.532500 0.632500 0.120000 0.178333
1 0.518750 0.477500 0.040000 0.075000
1 0.468750 0.453333 0.050000 0.060000
1 0.575625 0.465000 0.066250 0.096667
1 0.627500 0.459167 0.055000 0.085000
1 0.616250 0.408333 0.050000 0.053333
1 0.681875 0.442500 0.043750 0.071667
1 0.706250 0.540833 0.077500 0.111667
1 0.752500 0.509167 0.057500 0.091667
1 0.792500 0.455833 0.062500 0.085000
1 0.456875 0.244167 0.028750 0.045000
1 0.665000 0.714167 0.147500 0.231667
1 0.801250 0.646667 0.110000 0.196667
1 0.934375 0.680000 0.126250 0.180000
1 0.826250 0.549167 0.075000 0.091667
1 0.885000 0.500833 0.065000 0.098333
