1 0.073034 0.438119 0.046816 0.097360
1 0.251404 0.278878 0.015918 0.033003
1 0.292135 0.270627 0.018727 0.042904
1 0.302903 0.254950 0.017790 0.041254
1 0.319288 0.212871 0.016854 0.033003
1 0.331461 0.240099 0.022472 0.047855
1 0.348315 0.268152 0.016854 0.034653
1 0.335206 0.283003 0.014981 0.034653
1 0.429775 0.260726 0.026217 0.049505
1 0.350655 0.211221 0.015918 0.036304
1 0.369382 0.211221 0.015918 0.036304
1 0.379682 0.213696 0.015918 0.034653
1 0.400281 0.202145 0.015918 0.034653
1 0.426966 0.208746 0.016854 0.034653
1 0.410581 0.167492 0.017790 0.028053
1 0.429307 0.179868 0.015918 0.036304
1 0.458801 0.212871 0.016854 0.036304
1 0.441479 0.196370 0.017790 0.033003
1 0.458801 0.163366 0.014981 0.029703
1 0.467697 0.185644 0.017790 0.034653
1 0.492509 0.219472 0.028090 0.042904
1 0.518258 0.204620 0.019663 0.042904
1 0.482210 0.160066 0.013109 0.026403
1 0.452715 0.141089 0.012172 0.028053
1 0.469569 0.148515 0.012172 0.026403
1 0.487360 0.130363 0.012172 0.023102
1 0.516854 0.152640 0.014981 0.031353
1 0.552903 0.148515 0.017790 0.036304
1 0.535112 0.133663 0.014045 0.036304
1 0.558521 0.109736 0.012172 0.021452
1 0.572097 0.177393 0.018727 0.031353
1 0.578652 0.152640 0.018727 0.031353
1 0.591292 0.117987 0.014045 0.024752
1 0.588951 0.097360 0.014981 0.019802
1 0.622191 0.131188 0.014045 0.031353
1 0.626404 0.095710 0.011236 0.026403
1 0.642790 0.099010 0.012172 0.026403
1 0.656835 0.114686 0.015918 0.034653
1 0.673689 0.111386 0.019663 0.034653
1 0.695225 0.093234 0.015918 0.034653
1 0.489232 0.297855 0.027154 0.054455
1 0.546348 0.297855 0.030899 0.057756
1 0.610955 0.321782 0.036517 0.069307
1 0.566011 0.248350 0.021536 0.051155
1 0.613296 0.254125 0.024345 0.052805
1 0.609551 0.193069 0.024345 0.046205
1 0.654026 0.196370 0.023408 0.046205
1 0.659644 0.167492 0.021536 0.034653
1 0.694288 0.171617 0.019663 0.039604
1 0.691479 0.140264 0.015918 0.029703
1 0.706929 0.135314 0.016854 0.029703
1 0.699438 0.216997 0.020599 0.044554
1 0.672753 0.238449 0.023408 0.047855
1 0.674157 0.320132 0.037453 0.075908
1 0.716760 0.270627 0.034644 0.062706
1 0.731742 0.155941 0.019663 0.037954
1 0.743914 0.131188 0.015918 0.031353
1 0.743446 0.113861 0.014981 0.023102
1 0.771067 0.124587 0.012172 0.028053
1 0.746723 0.197195 0.019663 0.041254
1 0.768258 0.220297 0.021536 0.057756
1 0.754682 0.164191 0.016854 0.041254
1 0.793539 0.295380 0.029026 0.069307
1 0.810393 0.235974 0.021536 0.059406
1 0.799157 0.170792 0.021536 0.044554
1 0.793539 0.132013 0.014045 0.033003
1 0.785112 0.117162 0.014045 0.029703
1 0.804307 0.121287 0.013109 0.028053
1 0.823502 0.138614 0.015918 0.033003
1 0.850187 0.181518 0.018727 0.042904
1 0.851124 0.148515 0.018727 0.039604
1 0.871255 0.221947 0.015918 0.051155
1 0.900749 0.201320 0.020599 0.039604
1 0.928371 0.195545 0.017790 0.041254
1 0.931180 0.155116 0.017790 0.033003
1 0.898408 0.141089 0.012172 0.028053
1 0.890918 0.158416 0.014045 0.033003
1 0.882959 0.139439 0.014981 0.028053
