1 0.092159 0.248654 0.019348 0.041293
1 0.296334 0.219928 0.018330 0.037702
1 0.367108 0.194794 0.021385 0.044883
1 0.384929 0.167864 0.018330 0.034111
1 0.405804 0.175943 0.013238 0.035907
1 0.423116 0.228007 0.027495 0.061041
1 0.426171 0.172352 0.017312 0.028725
1 0.432281 0.149013 0.015275 0.028725
1 0.460285 0.207361 0.018330 0.041293
1 0.492872 0.219031 0.024440 0.043088
1 0.496945 0.176840 0.020367 0.037702
1 0.491344 0.149910 0.013238 0.034111
1 0.469450 0.138241 0.014257 0.025135
1 0.504582 0.152603 0.013238 0.025135
1 0.524949 0.166068 0.019348 0.034111
1 0.519348 0.131957 0.014257 0.026930
1 0.548371 0.140036 0.013238 0.032316
1 0.564664 0.189408 0.021385 0.048474
1 0.585540 0.178636 0.016293 0.037702
1 0.582485 0.126571 0.010183 0.026930
1 0.591650 0.131059 0.012220 0.028725
1 0.620672 0.172352 0.019348 0.035907
1 0.627800 0.138241 0.017312 0.028725
1 0.612016 0.114004 0.018330 0.026930
1 0.639002 0.114901 0.013238 0.032316
1 0.659369 0.143627 0.019348 0.028725
1 0.667006 0.112208 0.014257 0.030521
1 0.692974 0.122980 0.013238 0.026930
1 0.689919 0.104129 0.015275 0.028725
1 0.719959 0.115799 0.012220 0.026930
1 0.741344 0.138241 0.016293 0.035907
1 0.574338 0.275583 0.030550 0.059246
1 0.570265 0.246858 0.024440 0.034111
1 0.626782 0.205566 0.019348 0.037702
1 0.631365 0.254937 0.022403 0.053860
1 0.676680 0.212747 0.021385 0.044883
1 0.665988 0.201077 0.018330 0.035907
1 0.691446 0.190305 0.020367 0.046679
1 0.702648 0.177738 0.018330 0.035907
1 0.684827 0.263914 0.027495 0.046679
1 0.725051 0.228905 0.026477 0.052065
1 0.756110 0.210952 0.021385 0.037702
1 0.752546 0.267504 0.024440 0.053860
1 0.774440 0.259425 0.023422 0.048474
1 0.803462 0.320467 0.026477 0.062837
1 0.861507 0.329443 0.028513 0.055655
1 0.925153 0.367145 0.027495 0.066427
1 0.887984 0.258528 0.024440 0.053860
1 0.937882 0.302513 0.022403 0.055655
1 0.803462 0.218133 0.022403 0.052065
1 0.750509 0.179533 0.012220 0.028725
1 0.769857 0.192101 0.014257 0.035907
1 0.776477 0.143627 0.015275 0.032316
1 0.790224 0.157092 0.016293 0.030521
1 0.807536 0.163375 0.014257 0.039497
1 0.806517 0.131957 0.014257 0.037702
1 0.822811 0.150808 0.018330 0.039497
1 0.830957 0.138241 0.018330 0.035907
1 0.849796 0.244165 0.019348 0.046679
1 0.853360 0.197487 0.020367 0.035907
1 0.848778 0.156194 0.015275 0.025135
1 0.863544 0.149910 0.016293 0.034111
1 0.876782 0.184919 0.014257 0.035907
1 0.882892 0.171454 0.014257 0.034111
1 0.901731 0.157989 0.015275 0.039497
1 0.922607 0.164273 0.016293 0.041293
1 0.909369 0.197487 0.018330 0.039497
1 0.941955 0.234291 0.018330 0.044883
1 0.957739 0.213645 0.015275 0.039497
1 0.966395 0.191203 0.012220 0.037702
1 0.901731 0.234291 0.021385 0.034111
