1 0.086405 0.466044 0.041769 0.089983
1 0.182637 0.289474 0.019656 0.052632
1 0.214988 0.277589 0.017199 0.052632
1 0.257576 0.235993 0.018837 0.040747
1 0.298935 0.208829 0.024570 0.047538
1 0.302211 0.235993 0.016380 0.033956
1 0.316134 0.215620 0.016380 0.044143
1 0.340704 0.208829 0.021294 0.054329
1 0.382473 0.186757 0.016380 0.037351
1 0.365684 0.260611 0.023751 0.049236
1 0.382473 0.241935 0.021294 0.042445
1 0.429566 0.162988 0.017199 0.037351
1 0.425471 0.191002 0.018837 0.042445
1 0.441032 0.161290 0.010647 0.044143
1 0.487715 0.153650 0.018837 0.049236
1 0.486896 0.203735 0.020475 0.040747
1 0.464783 0.249576 0.017199 0.037351
1 0.429975 0.311545 0.022932 0.049236
1 0.512695 0.161290 0.016380 0.044143
1 0.546683 0.212224 0.025389 0.040747
1 0.552007 0.133277 0.019656 0.035654
1 0.551597 0.164686 0.022113 0.037351
1 0.572072 0.193548 0.018837 0.040747
1 0.572891 0.138370 0.020475 0.045840
1 0.592138 0.121392 0.013104 0.035654
1 0.627355 0.129032 0.018018 0.044143
1 0.603194 0.149406 0.022113 0.040747
1 0.610565 0.179117 0.018837 0.049236
1 0.617527 0.199491 0.009828 0.035654
1 0.650287 0.130730 0.018018 0.040747
1 0.663391 0.128183 0.018018 0.042445
1 0.655610 0.174873 0.018837 0.040747
1 0.687142 0.132428 0.018018 0.044143
1 0.705569 0.162988 0.017199 0.030560
1 0.686323 0.175722 0.019656 0.039049
1 0.691237 0.213922 0.026208 0.044143
1 0.669533 0.224109 0.023751 0.050934
1 0.612613 0.290323 0.026208 0.050934
1 0.568796 0.333616 0.023751 0.062818
1 0.607699 0.381154 0.031122 0.059423
1 0.658886 0.415110 0.025389 0.062818
1 0.724816 0.270798 0.019656 0.056027
1 0.742015 0.229202 0.021294 0.047538
1 0.746929 0.293718 0.019656 0.037351
1 0.730958 0.423599 0.027027 0.069610
1 0.790745 0.451613 0.025389 0.091681
1 0.747748 0.196095 0.019656 0.045840
1 0.769861 0.193548 0.018018 0.050934
1 0.806716 0.191002 0.018018 0.039049
1 0.787060 0.209677 0.021294 0.035654
1 0.796069 0.251273 0.019656 0.057725
1 0.822277 0.231749 0.019656 0.045840
1 0.831695 0.218166 0.017199 0.045840
1 0.813677 0.297963 0.022113 0.056027
1 0.870188 0.234295 0.023751 0.047538
1 0.874283 0.228353 0.015561 0.039049
1 0.904177 0.226655 0.016380 0.045840
1 0.904996 0.258913 0.013104 0.045840
1 0.891073 0.280985 0.034398 0.052632
1 0.873464 0.314941 0.020475 0.049236
1 0.868550 0.368421 0.022113 0.057725
1 0.887387 0.405772 0.022113 0.064516
1 0.934889 0.267402 0.013923 0.045840
1 0.952088 0.244482 0.017199 0.050934
1 0.927518 0.343803 0.022113 0.042445
1 0.986077 0.254669 0.014742 0.044143
1 0.981163 0.303905 0.019656 0.044143
1 0.976249 0.327674 0.024570 0.047538
1 0.978706 0.361630 0.024570 0.054329
1 0.955774 0.381154 0.022932 0.062818
1 0.954955 0.477929 0.019656 0.066214
1 0.855037 0.496604 0.026208 0.096774
1 0.353399 0.196944 0.025389 0.040747
