1 0.211466 0.607547 0.054511 0.113208
1 0.143797 0.564151 0.035714 0.071698
1 0.110902 0.566038 0.037594 0.067925
1 0.049812 0.571698 0.028195 0.056604
1 0.265038 0.573585 0.037594 0.067925
1 0.234023 0.554717 0.020677 0.052830
1 0.206767 0.533962 0.026316 0.056604
1 0.042293 0.820755 0.080827 0.290566
1 0.312970 0.569811 0.016917 0.045283
1 0.326128 0.556604 0.016917 0.033962
1 0.373120 0.471698 0.020677 0.037736
1 0.370301 0.671698 0.097744 0.211321
1 0.430451 0.581132 0.022556 0.067925
1 0.410714 0.573585 0.028195 0.060377
1 0.460526 0.566038 0.015038 0.045283
1 0.474624 0.562264 0.020677 0.052830
1 0.527256 0.622642 0.035714 0.075472
1 0.524436 0.571698 0.022556 0.049057
1 0.495301 0.571698 0.020677 0.049057
1 0.555451 0.575472 0.028195 0.056604
1 0.571429 0.556604 0.018797 0.041509
1 0.622180 0.609434 0.041353 0.071698
1 0.676692 0.720755 0.116541 0.218868
1 0.881579 0.686792 0.120301 0.226415
1 0.971805 0.628302 0.056391 0.132075
1 0.985902 0.579245 0.028195 0.086792
1 0.977444 0.522642 0.022556 0.056604
1 0.935150 0.533962 0.028195 0.056604
1 0.906015 0.547170 0.026316 0.060377
1 0.877820 0.558491 0.033835 0.067925
1 0.812970 0.573585 0.035714 0.067925
1 0.767857 0.550943 0.035714 0.060377
1 0.735902 0.560377 0.024436 0.041509
1 0.701128 0.579245 0.037594 0.056604
1 0.668233 0.560377 0.035714 0.056604
