1 0.166667 0.278940 0.026856 0.041841
1 0.271722 0.261506 0.020537 0.037657
1 0.283570 0.253835 0.018957 0.033473
1 0.310427 0.221757 0.018957 0.036262
1 0.337678 0.215481 0.018167 0.034868
1 0.323855 0.257322 0.025276 0.037657
1 0.317141 0.294282 0.021327 0.039052
1 0.311611 0.261506 0.018167 0.034868
1 0.362559 0.274756 0.023697 0.044630
1 0.380332 0.303347 0.024487 0.046025
1 0.394945 0.201534 0.022117 0.040446
1 0.411927 0.181311 0.015008 0.039052
1 0.415087 0.223849 0.024487 0.040446
1 0.440758 0.211297 0.022117 0.046025
1 0.478673 0.223152 0.025276 0.041841
1 0.465640 0.163180 0.015008 0.036262
1 0.458136 0.151325 0.017378 0.029289
1 0.475118 0.140167 0.013428 0.032078
1 0.533965 0.193863 0.020537 0.041841
1 0.527646 0.149930 0.020537 0.037657
1 0.562401 0.144351 0.015798 0.032078
1 0.584518 0.163180 0.018957 0.036262
1 0.614929 0.150628 0.016588 0.033473
1 0.617299 0.136681 0.016588 0.027894
1 0.584123 0.105997 0.016588 0.027894
1 0.493681 0.300558 0.022117 0.046025
1 0.539889 0.305439 0.029226 0.052999
1 0.578594 0.239888 0.027646 0.044630
1 0.605450 0.219665 0.024487 0.046025
1 0.617299 0.227336 0.024487 0.052999
1 0.646524 0.267085 0.022907 0.051604
1 0.656398 0.206416 0.018957 0.039052
1 0.639415 0.177824 0.019747 0.040446
1 0.629542 0.375872 0.031596 0.071130
1 0.744471 0.280335 0.030806 0.061367
1 0.763033 0.336820 0.031596 0.068340
1 0.794629 0.278940 0.028436 0.064156
1 0.803318 0.254533 0.023697 0.051604
1 0.845972 0.297071 0.030016 0.066946
1 0.857030 0.254533 0.030016 0.054393
1 0.903239 0.291492 0.024487 0.061367
1 0.702607 0.224547 0.021327 0.041841
1 0.678515 0.167364 0.017378 0.033473
1 0.717220 0.158996 0.020537 0.036262
1 0.732227 0.188982 0.020537 0.037657
1 0.741311 0.229428 0.019747 0.037657
1 0.768562 0.203626 0.017378 0.039052
1 0.817930 0.219665 0.021327 0.043236
1 0.838073 0.183403 0.015798 0.040446
1 0.876777 0.201534 0.018957 0.040446
1 0.857425 0.147838 0.013428 0.033473
1 0.813981 0.159693 0.015008 0.032078
1 0.800158 0.174338 0.017378 0.039052
1 0.791074 0.143654 0.015008 0.036262
1 0.774487 0.153417 0.016588 0.030683
1 0.763823 0.172245 0.017378 0.034868
1 0.753555 0.135983 0.017378 0.032078
