1 0.164749 0.373585 0.044979 0.090566
1 0.311715 0.232075 0.025105 0.041509
1 0.322699 0.188679 0.017782 0.033962
1 0.348326 0.193396 0.018828 0.039623
1 0.413180 0.203774 0.018828 0.037736
1 0.443515 0.209434 0.018828 0.045283
1 0.415272 0.172642 0.016736 0.028302
1 0.412134 0.158491 0.014644 0.026415
1 0.458682 0.166038 0.013598 0.030189
1 0.473849 0.188679 0.016736 0.037736
1 0.503661 0.213208 0.019874 0.041509
1 0.467573 0.133019 0.012552 0.028302
1 0.476464 0.147170 0.013598 0.026415
1 0.486925 0.142453 0.011506 0.028302
1 0.502615 0.145283 0.013598 0.033962
1 0.512552 0.112264 0.012552 0.032075
1 0.522490 0.130189 0.011506 0.030189
1 0.530335 0.122642 0.012552 0.026415
1 0.544979 0.121698 0.012552 0.024528
1 0.546025 0.137736 0.012552 0.022642
1 0.548117 0.166981 0.012552 0.035849
1 0.530858 0.153774 0.013598 0.028302
1 0.559623 0.179245 0.016736 0.033962
1 0.574791 0.139623 0.013598 0.033962
1 0.589958 0.180189 0.014644 0.028302
1 0.592573 0.146226 0.015690 0.039623
1 0.588389 0.109434 0.013598 0.030189
1 0.601987 0.114151 0.011506 0.032075
1 0.619247 0.107547 0.012552 0.026415
1 0.627615 0.100000 0.014644 0.030189
1 0.651674 0.104717 0.014644 0.028302
1 0.635460 0.141509 0.015690 0.030189
1 0.669456 0.130189 0.012552 0.033962
1 0.651674 0.130189 0.012552 0.022642
1 0.681485 0.121698 0.009414 0.028302
1 0.696130 0.118868 0.009414 0.026415
1 0.585774 0.233019 0.018828 0.050943
1 0.512029 0.299057 0.030335 0.058491
1 0.582636 0.277358 0.023013 0.052830
1 0.597803 0.310377 0.034519 0.081132
1 0.616109 0.256604 0.027197 0.056604
1 0.637029 0.201887 0.023013 0.049057
1 0.670502 0.213208 0.020921 0.049057
1 0.670502 0.172642 0.016736 0.039623
1 0.702929 0.199057 0.018828 0.043396
1 0.693515 0.172642 0.016736 0.035849
1 0.712866 0.170755 0.017782 0.039623
1 0.740586 0.166038 0.012552 0.037736
1 0.752615 0.151887 0.011506 0.035849
1 0.751046 0.123585 0.014644 0.032075
1 0.780335 0.132075 0.016736 0.041509
1 0.779812 0.174528 0.013598 0.032075
1 0.793933 0.154717 0.014644 0.033962
1 0.793410 0.197170 0.019874 0.043396
1 0.717050 0.236792 0.024059 0.043396
1 0.685146 0.266038 0.020921 0.045283
1 0.694038 0.330189 0.028243 0.071698
1 0.737971 0.362264 0.028243 0.064151
1 0.766736 0.270755 0.027197 0.066038
1 0.805962 0.271698 0.024059 0.049057
1 0.825314 0.361321 0.033473 0.062264
1 0.843619 0.309434 0.021967 0.056604
1 0.872908 0.268868 0.019874 0.047170
1 0.908996 0.332075 0.025105 0.064151
1 0.893305 0.422642 0.035565 0.079245
1 0.937238 0.287736 0.027197 0.050943
1 0.916841 0.246226 0.021967 0.043396
1 0.932531 0.229245 0.017782 0.039623
1 0.943515 0.211321 0.016736 0.033962
1 0.940377 0.167925 0.016736 0.037736
1 0.906381 0.182075 0.015690 0.035849
1 0.917364 0.169811 0.014644 0.030189
1 0.886506 0.199057 0.021967 0.039623
1 0.873431 0.223585 0.020921 0.047170
1 0.836820 0.207547 0.018828 0.041509
1 0.817992 0.190566 0.018828 0.041509
1 0.827406 0.170755 0.012552 0.032075
1 0.838912 0.155660 0.012552 0.035849
1 0.851987 0.188679 0.015690 0.041509
1 0.865586 0.173585 0.013598 0.037736
1 0.865063 0.155660 0.010460 0.024528
1 0.877092 0.153774 0.013598 0.035849
