1 0.074039 0.433555 0.044986 0.083056
1 0.258201 0.286545 0.021556 0.034884
1 0.291940 0.269103 0.017807 0.033223
1 0.319588 0.262458 0.024367 0.036545
1 0.315370 0.226744 0.017807 0.031561
1 0.353796 0.263289 0.023430 0.044850
1 0.372540 0.219269 0.017807 0.046512
1 0.388004 0.225083 0.016870 0.034884
1 0.380975 0.202658 0.015933 0.033223
1 0.409560 0.178571 0.014995 0.031561
1 0.426898 0.223422 0.019681 0.041528
1 0.428304 0.279070 0.028116 0.053156
1 0.447516 0.219269 0.021556 0.046512
1 0.464386 0.202658 0.017807 0.029900
1 0.461106 0.176080 0.013121 0.026578
1 0.452671 0.145349 0.013121 0.024917
1 0.480319 0.171096 0.015933 0.033223
1 0.470947 0.156146 0.014058 0.026578
1 0.487348 0.205980 0.018744 0.036545
1 0.477976 0.232558 0.028116 0.046512
1 0.531865 0.192691 0.023430 0.039867
1 0.493440 0.297342 0.029053 0.063123
1 0.559513 0.293189 0.028116 0.051495
1 0.565604 0.249169 0.023430 0.046512
1 0.611528 0.257475 0.030928 0.056478
1 0.613402 0.329734 0.030928 0.061462
1 0.487816 0.136213 0.014058 0.019934
1 0.519213 0.149502 0.016870 0.029900
1 0.549203 0.157807 0.016870 0.029900
1 0.542174 0.132060 0.014058 0.024917
1 0.554827 0.115449 0.014995 0.024917
1 0.566542 0.177741 0.019681 0.029900
1 0.597001 0.151163 0.014995 0.029900
1 0.588566 0.126246 0.016870 0.036545
1 0.597938 0.107143 0.016870 0.034884
1 0.615276 0.105482 0.014058 0.024917
1 0.612465 0.124585 0.015933 0.026578
1 0.612933 0.154485 0.016870 0.036545
1 0.631678 0.142027 0.018744 0.034884
1 0.639644 0.123754 0.012184 0.028239
1 0.645267 0.105482 0.014058 0.028239
1 0.622306 0.191860 0.020619 0.041528
1 0.650890 0.181063 0.021556 0.043189
1 0.661200 0.208472 0.021556 0.041528
1 0.665417 0.264120 0.028116 0.056478
1 0.704311 0.225083 0.023430 0.058140
1 0.699625 0.179402 0.021556 0.039867
1 0.694470 0.142027 0.018744 0.038206
1 0.677132 0.123754 0.017807 0.031561
1 0.686973 0.103821 0.013121 0.031561
1 0.729616 0.120432 0.017807 0.034884
1 0.714152 0.152824 0.014995 0.029900
1 0.730084 0.210133 0.022493 0.048173
1 0.729147 0.284053 0.033739 0.056478
1 0.778819 0.290698 0.029991 0.066445
1 0.759138 0.212625 0.022493 0.049834
1 0.738051 0.171927 0.015933 0.034884
1 0.749766 0.142857 0.014995 0.039867
1 0.752577 0.116279 0.011246 0.023256
1 0.764292 0.134551 0.014058 0.036545
1 0.781162 0.123754 0.014058 0.038206
1 0.799906 0.134551 0.012184 0.033223
1 0.814902 0.129568 0.012184 0.036545
1 0.806467 0.176910 0.017807 0.044850
1 0.820056 0.254153 0.026242 0.053156
1 0.761481 0.186047 0.014058 0.033223
1 0.826148 0.171096 0.017807 0.039867
1 0.835989 0.145349 0.016870 0.034884
1 0.849578 0.187708 0.017807 0.039867
1 0.860825 0.158638 0.015933 0.034884
1 0.869728 0.142027 0.011246 0.024917
1 0.893158 0.132060 0.014995 0.028239
1 0.897376 0.168605 0.014058 0.031561
1 0.890815 0.194352 0.014058 0.036545
1 0.876289 0.178571 0.016870 0.038206
1 0.869260 0.223422 0.021556 0.044850
1 0.916120 0.289867 0.021556 0.054817
1 0.921275 0.203488 0.016870 0.038206
1 0.928772 0.175249 0.011246 0.031561
1 0.929709 0.155316 0.009372 0.024917
