1 0.131707 0.529304 0.039024 0.062271
1 0.185366 0.520147 0.048780 0.065934
1 0.245122 0.503663 0.036585 0.047619
1 0.282927 0.507326 0.024390 0.032967
1 0.330488 0.518315 0.041463 0.069597
1 0.365854 0.516484 0.039024 0.051282
1 0.391463 0.496337 0.026829 0.047619
1 0.484146 0.437729 0.026829 0.040293
1 0.517073 0.523810 0.043902 0.080586
1 0.539024 0.503663 0.034146 0.047619
1 0.669512 0.516484 0.031707 0.058608
1 0.696341 0.514652 0.036585 0.062271
1 0.746341 0.509158 0.053659 0.065934
1 0.787805 0.501832 0.029268 0.051282
1 0.823171 0.483516 0.031707 0.051282
1 0.869512 0.507326 0.036585 0.069597
1 0.896341 0.492674 0.031707 0.062271
1 0.948780 0.500000 0.053659 0.076923
