1 0.178333 0.218045 0.066667 0.100251
1 0.470833 0.380952 0.031667 0.050125
1 0.495833 0.379699 0.035000 0.057644
1 0.526667 0.413534 0.040000 0.065163
1 0.560000 0.458647 0.040000 0.075188
1 0.613333 0.487469 0.053333 0.082707
1 0.669167 0.546366 0.061667 0.095238
1 0.620833 0.359649 0.028333 0.047619
1 0.673333 0.364662 0.030000 0.052632
1 0.691667 0.401003 0.026667 0.065163
1 0.715000 0.408521 0.040000 0.075188
1 0.726667 0.338346 0.026667 0.045113
1 0.760000 0.354637 0.030000 0.062657
1 0.811667 0.456140 0.050000 0.075188
1 0.827500 0.644110 0.091667 0.140351
1 0.886667 0.535088 0.060000 0.102757
1 0.851667 0.377193 0.040000 0.062657
1 0.919167 0.407268 0.041667 0.062657
1 0.982500 0.432331 0.031667 0.072682
1 0.983333 0.370927 0.033333 0.055138
