1 0.056667 0.393333 0.055556 0.073333
1 0.202222 0.391667 0.044444 0.056667
1 0.242222 0.371667 0.026667 0.050000
1 0.303333 0.400000 0.042222 0.060000
1 0.315556 0.510000 0.075556 0.113333
1 0.397778 0.465000 0.066667 0.096667
1 0.378889 0.395000 0.037778 0.063333
1 0.353333 0.380000 0.031111 0.040000
1 0.462222 0.381667 0.031111 0.043333
1 0.523333 0.428333 0.042222 0.063333
1 0.547778 0.541667 0.095556 0.176667
1 0.593333 0.495000 0.053333 0.096667
1 0.660000 0.460000 0.035556 0.060000
1 0.598889 0.420000 0.033333 0.046667
1 0.620000 0.376667 0.026667 0.040000
1 0.672222 0.411667 0.024444 0.043333
1 0.691111 0.380000 0.022222 0.040000
1 0.744444 0.416667 0.044444 0.060000
1 0.773333 0.495000 0.057778 0.090000
1 0.798889 0.578333 0.108889 0.163333
1 0.858889 0.470000 0.055556 0.080000
1 0.885556 0.448333 0.037778 0.056667
1 0.893333 0.415000 0.026667 0.043333
