1 0.287321 0.237030 0.016360 0.033989
1 0.294479 0.211091 0.014315 0.028623
1 0.311350 0.224508 0.015337 0.033989
1 0.329755 0.186047 0.017382 0.035778
1 0.347137 0.190519 0.013292 0.033989
1 0.354294 0.220036 0.017382 0.042934
1 0.367587 0.211986 0.013292 0.030411
1 0.378834 0.229875 0.017382 0.037567
1 0.406953 0.238819 0.016360 0.037567
1 0.397239 0.208408 0.015337 0.037567
1 0.393661 0.161896 0.012270 0.026834
1 0.408998 0.169052 0.012270 0.026834
1 0.418712 0.186941 0.015337 0.037567
1 0.444274 0.241503 0.023517 0.039356
1 0.438650 0.201252 0.016360 0.030411
1 0.462168 0.206619 0.020450 0.037567
1 0.449387 0.190519 0.015337 0.033989
1 0.437628 0.166369 0.014315 0.028623
1 0.424335 0.155635 0.014315 0.021467
1 0.481595 0.149374 0.014315 0.026834
1 0.495399 0.183363 0.015337 0.030411
1 0.520961 0.179785 0.015337 0.030411
1 0.510736 0.151163 0.011247 0.026834
1 0.496933 0.127013 0.010225 0.025045
1 0.515849 0.131485 0.011247 0.016100
1 0.534765 0.161002 0.014315 0.032200
1 0.550102 0.142218 0.014315 0.030411
1 0.557260 0.186941 0.014315 0.037567
1 0.561350 0.164580 0.012270 0.028623
1 0.575665 0.138640 0.014315 0.030411
1 0.592025 0.124329 0.010225 0.026834
1 0.598671 0.134168 0.013292 0.021467
1 0.592536 0.154741 0.013292 0.033989
1 0.602761 0.168157 0.017382 0.035778
1 0.621677 0.137746 0.014315 0.032200
1 0.636503 0.122540 0.011247 0.026834
1 0.650818 0.118068 0.011247 0.025045
1 0.640082 0.154741 0.014315 0.030411
1 0.651840 0.144902 0.011247 0.032200
1 0.661043 0.134168 0.009202 0.021467
1 0.675869 0.133274 0.014315 0.026834
1 0.684049 0.117174 0.014315 0.026834
1 0.706544 0.113596 0.014315 0.026834
1 0.588446 0.234347 0.023517 0.050089
1 0.615542 0.220930 0.022495 0.044723
1 0.633947 0.248658 0.026585 0.057245
1 0.652352 0.218247 0.020450 0.042934
1 0.657975 0.180680 0.017382 0.039356
1 0.686605 0.253131 0.019427 0.051878
1 0.694274 0.316637 0.032720 0.071556
1 0.430982 0.388193 0.050102 0.093023
1 0.759714 0.347048 0.034765 0.064401
1 0.730061 0.234347 0.018405 0.042934
1 0.711656 0.186941 0.018405 0.044723
1 0.698364 0.179785 0.014315 0.037567
1 0.726483 0.172630 0.017382 0.033989
1 0.733129 0.147585 0.018405 0.033989
1 0.749489 0.134168 0.014315 0.028623
1 0.779652 0.132379 0.013292 0.028623
1 0.783231 0.154741 0.012270 0.030411
1 0.792945 0.169052 0.013292 0.030411
1 0.799591 0.203041 0.016360 0.041145
1 0.793456 0.293381 0.028630 0.057245
1 0.762270 0.245081 0.025562 0.053667
1 0.748978 0.194991 0.019427 0.042934
1 0.816973 0.251342 0.022495 0.048301
1 0.836401 0.217352 0.014315 0.041145
1 0.850204 0.217352 0.013292 0.033989
1 0.816973 0.203936 0.016360 0.032200
1 0.829243 0.173524 0.014315 0.035778
1 0.839468 0.164580 0.014315 0.035778
1 0.820552 0.130590 0.015337 0.035778
1 0.804703 0.136852 0.012270 0.030411
1 0.851738 0.153846 0.012270 0.028623
1 0.863497 0.182469 0.015337 0.032200
1 0.871677 0.169946 0.013292 0.035778
1 0.888548 0.218247 0.014315 0.039356
1 0.877301 0.237925 0.018405 0.046512
1 0.930982 0.252236 0.019427 0.039356
1 0.918200 0.229875 0.016360 0.037567
1 0.893661 0.189624 0.012270 0.035778
1 0.905930 0.177996 0.012270 0.030411
1 0.907975 0.155635 0.014315 0.032200
1 0.935072 0.208408 0.015337 0.037567
1 0.944274 0.192308 0.013292 0.030411
