1 0.358750 0.606667 0.077500 0.120000
1 0.388750 0.505000 0.057500 0.083333
1 0.431250 0.475000 0.052500 0.070000
1 0.405000 0.413333 0.035000 0.060000
1 0.308750 0.375000 0.027500 0.050000
1 0.292500 0.438333 0.045000 0.056667
1 0.267500 0.388333 0.035000 0.050000
1 0.252500 0.440000 0.045000 0.080000
1 0.180000 0.451667 0.060000 0.076667
1 0.166250 0.393333 0.037500 0.053333
1 0.055000 0.410000 0.045000 0.060000
1 0.055000 0.351667 0.030000 0.050000
1 0.017500 0.311667 0.030000 0.050000
1 0.043750 0.280000 0.027500 0.033333
1 0.073750 0.313333 0.027500 0.033333
1 0.142500 0.255000 0.025000 0.036667
1 0.186250 0.351667 0.032500 0.050000
1 0.146250 0.358333 0.032500 0.050000
1 0.226250 0.263333 0.017500 0.033333
1 0.216250 0.296667 0.027500 0.040000
1 0.331250 0.313333 0.022500 0.040000
1 0.347500 0.276667 0.020000 0.040000
1 0.405000 0.306667 0.025000 0.040000
1 0.380000 0.340000 0.025000 0.046667
1 0.420000 0.273333 0.020000 0.026667
1 0.447500 0.291667 0.020000 0.030000
1 0.460000 0.340000 0.025000 0.040000
1 0.486250 0.363333 0.027500 0.040000
1 0.512500 0.361667 0.025000 0.036667
1 0.508750 0.303333 0.022500 0.040000
1 0.515000 0.278333 0.025000 0.030000
1 0.476250 0.291667 0.022500 0.030000
1 0.565000 0.321667 0.025000 0.036667
1 0.602500 0.318333 0.025000 0.036667
1 0.636250 0.355000 0.022500 0.036667
1 0.635000 0.330000 0.020000 0.033333
1 0.686250 0.351667 0.027500 0.036667
1 0.715000 0.408333 0.025000 0.043333
1 0.722500 0.375000 0.025000 0.036667
1 0.763750 0.385000 0.022500 0.043333
1 0.907500 0.358333 0.050000 0.076667
1 0.665000 0.628333 0.075000 0.110000
1 0.711250 0.751667 0.077500 0.150000
1 0.668750 0.416667 0.027500 0.040000
1 0.611250 0.391667 0.027500 0.043333
1 0.040000 0.586667 0.075000 0.133333
