1 0.830157 0.305336 0.023543 0.057312
1 0.852578 0.233202 0.021300 0.051383
1 0.917040 0.240119 0.015695 0.045455
1 0.927130 0.268775 0.017937 0.047431
1 0.856502 0.159091 0.011211 0.029644
1 0.885650 0.159091 0.008969 0.025692
1 0.882848 0.170949 0.012332 0.029644
1 0.878924 0.206522 0.013453 0.041502
1 0.838565 0.185771 0.013453 0.035573
1 0.819507 0.218379 0.015695 0.041502
1 0.792040 0.183794 0.014574 0.035573
1 0.801570 0.133399 0.008969 0.025692
1 0.825673 0.147233 0.012332 0.033597
1 0.729821 0.125494 0.011211 0.025692
1 0.704036 0.140316 0.011211 0.027668
1 0.674888 0.123518 0.011211 0.025692
1 0.680493 0.155138 0.013453 0.033597
1 0.682175 0.193676 0.016816 0.039526
1 0.714686 0.169960 0.012332 0.031621
1 0.713565 0.218379 0.019058 0.041502
1 0.727018 0.201581 0.016816 0.039526
1 0.763453 0.138340 0.013453 0.031621
1 0.781951 0.148221 0.012332 0.031621
1 0.748879 0.173913 0.013453 0.035573
1 0.761211 0.224308 0.020179 0.049407
1 0.770179 0.293478 0.022422 0.061265
1 0.718049 0.282609 0.023543 0.055336
1 0.668161 0.252964 0.020179 0.051383
1 0.617152 0.246047 0.019058 0.049407
1 0.641816 0.187747 0.014574 0.039526
1 0.651906 0.211462 0.016816 0.043478
1 0.626121 0.207510 0.016816 0.043478
1 0.635650 0.123518 0.008969 0.021739
1 0.612108 0.124506 0.008969 0.019763
1 0.589126 0.124506 0.007848 0.019763
1 0.585202 0.145257 0.011211 0.029644
1 0.605942 0.139328 0.010090 0.025692
1 0.612108 0.150198 0.011211 0.027668
1 0.554933 0.131423 0.011211 0.025692
1 0.484305 0.139328 0.008969 0.021739
1 0.495516 0.153162 0.011211 0.025692
1 0.503363 0.189723 0.015695 0.035573
1 0.531390 0.168972 0.013453 0.029644
1 0.535874 0.194664 0.017937 0.041502
1 0.567265 0.169960 0.015695 0.035573
1 0.549888 0.245059 0.019058 0.043478
1 0.591368 0.336957 0.025785 0.061265
1 0.563901 0.287549 0.022422 0.057312
1 0.484305 0.305336 0.022422 0.057312
1 0.454596 0.146245 0.007848 0.023715
1 0.475897 0.194664 0.014574 0.033597
1 0.445067 0.192688 0.011211 0.029644
1 0.470852 0.235178 0.017937 0.043478
1 0.427691 0.238142 0.016816 0.033597
1 0.405830 0.195652 0.013453 0.031621
1 0.383969 0.191700 0.012332 0.027668
1 0.393498 0.219368 0.015695 0.027668
1 0.360987 0.205534 0.013453 0.023715
1 0.365471 0.247036 0.017937 0.043478
1 0.369955 0.274704 0.020179 0.043478
1 0.387892 0.277668 0.022422 0.049407
1 0.346973 0.232213 0.014574 0.033597
1 0.338004 0.260870 0.019058 0.043478
1 0.248318 0.261858 0.012332 0.029644
1 0.299327 0.255929 0.013453 0.033597
1 0.316143 0.247036 0.015695 0.039526
1 0.326233 0.231225 0.013453 0.031621
1 0.551009 0.153162 0.010090 0.025692
1 0.191704 0.409091 0.038117 0.075099
1 0.440022 0.175889 0.014574 0.031621
