1 0.072195 0.306424 0.029268 0.057292
1 0.321951 0.230903 0.017561 0.038194
1 0.353659 0.184896 0.020488 0.036458
1 0.354634 0.210069 0.016585 0.034722
1 0.415610 0.203125 0.017561 0.038194
1 0.425854 0.179688 0.014634 0.029514
1 0.417561 0.166667 0.013659 0.031250
1 0.448780 0.215278 0.021463 0.041667
1 0.474146 0.230903 0.021463 0.048611
1 0.481463 0.181424 0.016585 0.032986
1 0.465366 0.164062 0.015610 0.032986
1 0.449756 0.162326 0.015610 0.026042
1 0.446829 0.184896 0.017561 0.032986
1 0.472195 0.139757 0.013659 0.026042
1 0.499024 0.160590 0.016585 0.032986
1 0.503415 0.143229 0.011707 0.026042
1 0.507805 0.124132 0.012683 0.026042
1 0.518049 0.168403 0.015610 0.034722
1 0.525854 0.131944 0.015610 0.031250
1 0.541951 0.131944 0.012683 0.031250
1 0.544878 0.144965 0.012683 0.026042
1 0.552195 0.168403 0.017561 0.034722
1 0.560976 0.202257 0.017561 0.043403
1 0.586829 0.181424 0.020488 0.036458
1 0.595610 0.154514 0.018537 0.038194
1 0.587317 0.113715 0.013659 0.029514
1 0.605366 0.136285 0.014634 0.032986
1 0.627805 0.151042 0.014634 0.031250
1 0.620000 0.111979 0.010732 0.026042
1 0.632195 0.120660 0.013659 0.029514
1 0.641951 0.133681 0.009756 0.027778
1 0.645854 0.150174 0.013659 0.022569
1 0.645854 0.109375 0.009756 0.020833
1 0.667317 0.119792 0.011707 0.027778
1 0.680488 0.125000 0.010732 0.024306
1 0.691220 0.120660 0.012683 0.029514
1 0.706341 0.132812 0.013659 0.029514
1 0.589756 0.240451 0.020488 0.046875
1 0.527317 0.296007 0.026341 0.057292
1 0.593171 0.291667 0.029268 0.062500
1 0.626341 0.297743 0.033171 0.074653
1 0.631220 0.220486 0.023415 0.045139
1 0.633659 0.249132 0.024390 0.046875
1 0.670244 0.219618 0.025366 0.046875
1 0.662927 0.187500 0.020488 0.041667
1 0.665854 0.278646 0.024390 0.046875
1 0.676098 0.331597 0.035122 0.069444
1 0.736098 0.338542 0.036098 0.065972
1 0.806829 0.309028 0.029268 0.065972
1 0.835122 0.346354 0.033171 0.064236
1 0.857561 0.307292 0.029268 0.059028
1 0.891220 0.394965 0.028293 0.074653
1 0.908293 0.326389 0.023415 0.062500
1 0.860000 0.240451 0.022439 0.043403
1 0.885366 0.242188 0.020488 0.050347
1 0.938537 0.290799 0.025366 0.043403
1 0.936098 0.243056 0.018537 0.038194
1 0.943902 0.210938 0.014634 0.036458
1 0.941463 0.177951 0.013659 0.036458
1 0.894634 0.201389 0.015610 0.038194
1 0.904390 0.164931 0.015610 0.034722
1 0.867805 0.190104 0.016585 0.029514
1 0.853171 0.205729 0.014634 0.026042
1 0.831220 0.188368 0.021463 0.043403
1 0.845366 0.160590 0.018537 0.039931
1 0.812195 0.208333 0.020488 0.041667
1 0.773659 0.229167 0.027317 0.045139
1 0.719512 0.227431 0.026341 0.045139
1 0.705366 0.205729 0.019512 0.043403
1 0.700000 0.181424 0.016585 0.032986
1 0.719512 0.174479 0.016585 0.022569
1 0.749268 0.136285 0.013659 0.036458
1 0.757561 0.162326 0.016585 0.036458
1 0.740000 0.187500 0.020488 0.041667
1 0.779024 0.190972 0.020488 0.038194
1 0.798537 0.170139 0.014634 0.034722
1 0.783415 0.144965 0.013659 0.032986
1 0.763902 0.137153 0.013659 0.027778
1 0.810244 0.268229 0.026341 0.050347
