1 0.360625 0.732500 0.113750 0.158333
1 0.263750 0.646667 0.097500 0.110000
1 0.178125 0.566667 0.073750 0.096667
1 0.073125 0.535000 0.071250 0.090000
1 0.042500 0.490833 0.037500 0.055000
1 0.012500 0.510000 0.022500 0.070000
1 0.196250 0.420000 0.025000 0.040000
1 0.241875 0.431667 0.028750 0.046667
1 0.258125 0.452500 0.023750 0.041667
1 0.325625 0.460000 0.031250 0.053333
1 0.351250 0.464167 0.030000 0.051667
1 0.376875 0.485833 0.038750 0.058333
1 0.440625 0.510833 0.048750 0.068333
1 0.509375 0.536667 0.041250 0.083333
1 0.378125 0.414167 0.026250 0.035000
1 0.362500 0.411667 0.020000 0.036667
1 0.431875 0.430000 0.028750 0.040000
1 0.480625 0.428333 0.031250 0.050000
1 0.481875 0.396667 0.021250 0.036667
1 0.526250 0.394167 0.022500 0.035000
1 0.557500 0.407500 0.025000 0.048333
1 0.533125 0.444167 0.031250 0.038333
1 0.597500 0.455000 0.035000 0.050000
1 0.640000 0.537500 0.055000 0.078333
1 0.661875 0.463333 0.041250 0.063333
1 0.725000 0.425000 0.027500 0.043333
1 0.748750 0.466667 0.042500 0.056667
1 0.814375 0.425000 0.038750 0.056667
1 0.830000 0.485833 0.057500 0.075000
1 0.886250 0.441667 0.042500 0.066667
1 0.959375 0.494167 0.063750 0.091667
1 0.985000 0.447500 0.030000 0.051667
