1 0.164425 0.374502 0.032885 0.067729
1 0.204783 0.369522 0.038864 0.053785
1 0.239910 0.352590 0.040359 0.055777
1 0.417040 0.563745 0.110613 0.167331
1 0.367713 0.457171 0.077728 0.113546
1 0.434978 0.416335 0.062780 0.079681
1 0.351271 0.375498 0.044843 0.057769
1 0.567265 0.364542 0.034380 0.051793
1 0.596413 0.397410 0.044843 0.077689
1 0.636024 0.405378 0.055306 0.069721
1 0.628550 0.446215 0.046338 0.075697
1 0.671898 0.458167 0.055306 0.099602
1 0.713004 0.486056 0.074738 0.119522
1 0.706278 0.627490 0.156951 0.195219
1 0.785501 0.572709 0.109118 0.153386
