1 0.960000 0.840330 0.068000 0.103448
1 0.823000 0.476762 0.032000 0.047976
1 0.653000 0.498501 0.028000 0.046477
1 0.555500 0.529985 0.029000 0.046477
1 0.572500 0.813343 0.089000 0.139430
1 0.680000 0.733133 0.070000 0.110945
1 0.780000 0.660420 0.044000 0.070465
1 0.838000 0.673913 0.038000 0.046477
1 0.856500 0.654423 0.031000 0.037481
1 0.879500 0.623688 0.035000 0.044978
1 0.734000 0.619190 0.028000 0.050975
1 0.689000 0.621439 0.034000 0.061469
1 0.625500 0.634933 0.045000 0.061469
1 0.545500 0.661169 0.049000 0.065967
1 0.445500 0.710645 0.051000 0.077961
1 0.359000 0.923538 0.100000 0.146927
1 0.076500 0.780360 0.083000 0.112444
1 0.311000 0.775112 0.056000 0.086957
1 0.246000 0.696402 0.052000 0.070465
1 0.345000 0.672414 0.044000 0.067466
1 0.415000 0.637931 0.036000 0.058471
1 0.505500 0.616942 0.033000 0.055472
1 0.558500 0.602699 0.031000 0.044978
1 0.470000 0.598951 0.032000 0.046477
1 0.397500 0.602699 0.027000 0.041979
1 0.320000 0.619940 0.046000 0.052474
1 0.284000 0.511994 0.032000 0.058471
1 0.216500 0.595202 0.027000 0.041979
1 0.128000 0.668666 0.048000 0.068966
1 0.107500 0.610945 0.041000 0.061469
1 0.036000 0.621439 0.028000 0.049475
1 0.010500 0.667166 0.019000 0.050975
