1 0.044167 0.491121 0.078333 0.092120
1 0.069167 0.430078 0.043333 0.049945
1 0.162917 0.381798 0.037500 0.046615
1 0.213750 0.411210 0.054167 0.058824
1 0.248750 0.370144 0.030833 0.045505
1 0.293333 0.367925 0.035000 0.047725
1 0.332500 0.361820 0.033333 0.037736
1 0.317083 0.473363 0.077500 0.092120
1 0.389167 0.420089 0.048333 0.056604
1 0.439167 0.364040 0.043333 0.048835
1 0.449583 0.337403 0.022500 0.026637
1 0.554167 0.342952 0.030000 0.037736
1 0.663750 0.379023 0.035833 0.049945
1 0.689583 0.430078 0.054167 0.058824
1 0.707500 0.475583 0.070000 0.083241
1 0.734583 0.352941 0.035833 0.042175
1 0.815833 0.366815 0.036667 0.047725
1 0.842083 0.354606 0.030833 0.038846
1 0.891250 0.391232 0.050833 0.074362
1 0.949583 0.371254 0.035833 0.045505
1 0.977500 0.423418 0.045000 0.094340
1 0.956667 0.677026 0.086667 0.184240
