1 0.145733 0.534722 0.056361 0.111111
1 0.219002 0.354861 0.016103 0.037500
1 0.263285 0.343056 0.022544 0.047222
1 0.291868 0.359722 0.021739 0.044444
1 0.288245 0.302778 0.016103 0.030556
1 0.340177 0.347222 0.021739 0.041667
1 0.359903 0.326389 0.019324 0.041667
1 0.355878 0.288889 0.016103 0.030556
1 0.379630 0.336806 0.020129 0.040278
1 0.408213 0.338889 0.020934 0.038889
1 0.404992 0.306944 0.019324 0.033333
1 0.439211 0.346528 0.018519 0.048611
1 0.437198 0.302083 0.017713 0.037500
1 0.396135 0.250694 0.016103 0.029167
1 0.414251 0.259722 0.016908 0.033333
1 0.440419 0.261111 0.012882 0.027778
1 0.464573 0.299306 0.016103 0.029167
1 0.466586 0.266667 0.015298 0.027778
1 0.458937 0.245833 0.016103 0.025000
1 0.467391 0.235417 0.013688 0.023611
1 0.490741 0.277083 0.016908 0.031944
1 0.505233 0.255556 0.016908 0.027778
1 0.520531 0.254167 0.015298 0.030556
1 0.516908 0.309028 0.017713 0.040278
1 0.512882 0.293056 0.017713 0.030556
1 0.545089 0.288889 0.017713 0.036111
1 0.536232 0.251389 0.014493 0.030556
1 0.545089 0.227778 0.016103 0.027778
1 0.555958 0.256250 0.016908 0.037500
1 0.569243 0.242361 0.016103 0.026389
1 0.568035 0.218056 0.013688 0.027778
1 0.589372 0.250694 0.014493 0.034722
1 0.590177 0.234722 0.016103 0.030556
1 0.604670 0.206250 0.014493 0.029167
1 0.621176 0.209722 0.013688 0.022222
1 0.633253 0.248611 0.016908 0.033333
1 0.652174 0.222917 0.012882 0.031944
1 0.666667 0.230556 0.012882 0.030556
1 0.691224 0.220833 0.013688 0.027778
1 0.697262 0.257639 0.016103 0.034722
1 0.668277 0.267361 0.019324 0.031944
1 0.628019 0.298611 0.017713 0.036111
1 0.594203 0.322222 0.020934 0.041667
1 0.530596 0.370139 0.025765 0.054167
1 0.537440 0.400694 0.031401 0.059722
1 0.498792 0.375000 0.028180 0.066667
1 0.608696 0.425694 0.032206 0.059722
1 0.604267 0.368056 0.024960 0.044444
1 0.640499 0.340972 0.020129 0.045833
1 0.683172 0.347917 0.020129 0.048611
1 0.661433 0.447222 0.033011 0.063889
1 0.647343 0.392361 0.030596 0.054167
1 0.673913 0.318750 0.020934 0.043056
1 0.714171 0.285417 0.016103 0.040278
1 0.726248 0.396528 0.027375 0.054167
1 0.694847 0.519444 0.035427 0.075000
1 0.756844 0.441667 0.028986 0.066667
1 0.787842 0.504167 0.031401 0.069444
1 0.798712 0.359722 0.022544 0.047222
1 0.809984 0.340972 0.019324 0.043056
1 0.804348 0.306250 0.017713 0.031944
1 0.760064 0.286111 0.019324 0.038889
1 0.752818 0.262500 0.016103 0.030556
1 0.733897 0.252083 0.016908 0.029167
1 0.722625 0.265278 0.015298 0.033333
1 0.741546 0.225694 0.012882 0.029167
1 0.771337 0.246528 0.017713 0.029167
1 0.808374 0.273611 0.017713 0.030556
1 0.799517 0.256944 0.014493 0.022222
1 0.826490 0.262500 0.013688 0.036111
1 0.849436 0.262500 0.017713 0.038889
1 0.859501 0.257639 0.012077 0.031944
1 0.849839 0.316667 0.021739 0.038889
1 0.876409 0.326389 0.018519 0.041667
1 0.886071 0.292361 0.016908 0.031944
1 0.859501 0.368056 0.023349 0.047222
1 0.845008 0.410417 0.023349 0.048611
1 0.830515 0.451389 0.034622 0.066667
1 0.898148 0.470833 0.029791 0.075000
1 0.890499 0.388889 0.020934 0.047222
1 0.915056 0.353472 0.016908 0.040278
1 0.926329 0.327778 0.015298 0.036111
1 0.919082 0.300000 0.015298 0.030556
1 0.915862 0.277083 0.013688 0.026389
