1 0.070833 0.540100 0.061667 0.092732
1 0.120000 0.562657 0.066667 0.097744
1 0.175000 0.454887 0.053333 0.082707
1 0.243333 0.473684 0.053333 0.060150
1 0.244167 0.218045 0.051667 0.070175
1 0.317500 0.626566 0.068333 0.105263
1 0.269167 0.756892 0.098333 0.155388
1 0.452500 0.754386 0.091667 0.150376
1 0.495833 0.548872 0.061667 0.100251
1 0.493333 0.473684 0.050000 0.080201
1 0.474167 0.434837 0.048333 0.067669
1 0.408333 0.498747 0.060000 0.085213
1 0.393333 0.442356 0.043333 0.062657
1 0.705000 0.474937 0.056667 0.107769
1 0.710000 0.423559 0.050000 0.080201
1 0.764167 0.578947 0.078333 0.120301
1 0.830000 0.699248 0.120000 0.155388
1 0.919167 0.517544 0.081667 0.127820
1 0.834167 0.476190 0.071667 0.105263
1 0.800833 0.404762 0.055000 0.082707
