1 0.166216 0.819473 0.156757 0.255578
1 0.275676 0.908722 0.151351 0.182556
1 0.096622 0.543611 0.041892 0.060852
1 0.115541 0.564909 0.028378 0.054767
1 0.156081 0.554767 0.031081 0.050710
1 0.173649 0.520284 0.031081 0.046653
1 0.222973 0.531440 0.032432 0.044625
1 0.235811 0.513185 0.025676 0.044625
1 0.251351 0.527383 0.027027 0.040568
1 0.337162 0.459432 0.025676 0.038540
1 0.360811 0.538540 0.040541 0.070994
1 0.370946 0.525355 0.033784 0.052738
1 0.450676 0.525355 0.036486 0.052738
1 0.444595 0.587221 0.043243 0.070994
1 0.493243 0.543611 0.035135 0.064909
1 0.528378 0.555781 0.040541 0.077079
1 0.566892 0.575051 0.063514 0.095335
1 0.660811 0.657201 0.132432 0.198783
1 0.674324 0.464503 0.021622 0.044625
1 0.720270 0.453347 0.032432 0.046653
1 0.774324 0.542596 0.029730 0.054767
1 0.800000 0.543611 0.035135 0.056795
1 0.866216 0.596349 0.059459 0.089249
1 0.943243 0.597363 0.059459 0.103448
1 0.924324 0.738337 0.137838 0.227181
1 0.797973 0.867140 0.114865 0.196755
