1 0.903960 0.176883 0.013861 0.031524
1 0.921287 0.190018 0.010891 0.033275
1 0.940099 0.204028 0.012871 0.033275
1 0.924257 0.245184 0.014851 0.042032
1 0.887624 0.228546 0.014851 0.033275
1 0.873762 0.158494 0.012871 0.033275
1 0.844059 0.154991 0.014851 0.029772
1 0.860891 0.199650 0.012871 0.035026
1 0.831188 0.178634 0.012871 0.031524
1 0.841584 0.205779 0.013861 0.036778
1 0.840099 0.239054 0.016832 0.043783
1 0.863366 0.287215 0.019802 0.049037
1 0.926733 0.296848 0.015842 0.054291
1 0.907921 0.353765 0.019802 0.066550
1 0.835644 0.311734 0.021782 0.056042
1 0.804950 0.303853 0.019802 0.061296
1 0.743564 0.268827 0.019802 0.057793
1 0.759406 0.276708 0.015842 0.045534
1 0.777723 0.217163 0.014851 0.042032
1 0.784653 0.160245 0.010891 0.036778
1 0.807921 0.102452 0.011881 0.026270
1 0.771287 0.084063 0.011881 0.028021
1 0.742574 0.072680 0.009901 0.029772
1 0.733663 0.145359 0.011881 0.031524
1 0.750495 0.140981 0.011881 0.033275
1 0.745050 0.208406 0.014851 0.042032
1 0.714851 0.235552 0.017822 0.050788
1 0.697030 0.174256 0.015842 0.036778
1 0.570792 0.291594 0.022772 0.050788
1 0.636634 0.244308 0.017822 0.043783
1 0.668812 0.278459 0.022772 0.049037
1 0.656436 0.201401 0.015842 0.035026
1 0.643564 0.216287 0.017822 0.040280
1 0.562376 0.249562 0.021782 0.047285
1 0.497525 0.211909 0.016832 0.038529
1 0.506931 0.188266 0.013861 0.036778
1 0.525743 0.197023 0.017822 0.033275
1 0.535149 0.170753 0.010891 0.029772
1 0.477228 0.174256 0.015842 0.033275
1 0.407921 0.287215 0.019802 0.045534
1 0.403960 0.241681 0.019802 0.049037
1 0.340099 0.253940 0.016832 0.038529
1 0.340594 0.205779 0.011881 0.026270
1 0.368812 0.126970 0.010891 0.029772
1 0.390099 0.198774 0.013861 0.033275
1 0.406436 0.173380 0.012871 0.031524
1 0.420792 0.151489 0.009901 0.026270
1 0.436139 0.185639 0.012871 0.031524
1 0.437129 0.225919 0.016832 0.049037
1 0.271782 0.225919 0.014851 0.031524
1 0.464851 0.084063 0.010891 0.028021
1 0.460396 0.141856 0.011881 0.024518
1 0.482178 0.145359 0.011881 0.024518
1 0.509901 0.074431 0.009901 0.022767
1 0.527228 0.126095 0.008911 0.024518
1 0.536634 0.138354 0.009901 0.024518
1 0.511386 0.130473 0.008911 0.019264
1 0.516337 0.140105 0.010891 0.024518
1 0.571287 0.133975 0.011881 0.026270
1 0.593069 0.058669 0.007921 0.026270
1 0.588119 0.123468 0.009901 0.022767
1 0.607426 0.112084 0.010891 0.024518
1 0.608911 0.165499 0.013861 0.029772
1 0.615347 0.139229 0.010891 0.029772
1 0.625248 0.110333 0.008911 0.024518
1 0.625743 0.121716 0.011881 0.026270
1 0.649505 0.112960 0.011881 0.026270
1 0.676238 0.112084 0.009901 0.024518
1 0.676733 0.126095 0.010891 0.024518
1 0.232178 0.345009 0.040594 0.084063
