1 0.097581 0.539384 0.046706 0.119863
1 0.165138 0.291096 0.021685 0.051370
1 0.192244 0.287671 0.025855 0.054795
1 0.239783 0.241438 0.019183 0.044521
1 0.282736 0.238870 0.021685 0.049658
1 0.302335 0.225171 0.017515 0.049658
1 0.278565 0.208904 0.020017 0.044521
1 0.324854 0.209760 0.017515 0.042808
1 0.344454 0.256849 0.018349 0.047945
1 0.371977 0.242295 0.018349 0.046233
1 0.410342 0.324486 0.026689 0.059932
1 0.364470 0.195205 0.018349 0.041096
1 0.341118 0.199486 0.016681 0.035959
1 0.411176 0.190068 0.016681 0.044521
1 0.408674 0.162671 0.016681 0.037671
1 0.446622 0.247432 0.022519 0.059932
1 0.431610 0.163527 0.014178 0.035959
1 0.444954 0.169521 0.015847 0.037671
1 0.459550 0.170377 0.018349 0.049658
1 0.473311 0.203767 0.015847 0.044521
1 0.473311 0.148116 0.017515 0.049658
1 0.498749 0.167808 0.016681 0.044521
1 0.529608 0.218322 0.018349 0.039384
1 0.544621 0.162671 0.016681 0.037671
1 0.550459 0.212329 0.018349 0.047945
1 0.534195 0.136986 0.014178 0.037671
1 0.558382 0.130137 0.015847 0.041096
1 0.580067 0.125000 0.015847 0.041096
1 0.590909 0.151541 0.015847 0.039384
1 0.584237 0.186644 0.015847 0.041096
1 0.566722 0.173801 0.017515 0.039384
1 0.605922 0.196918 0.017515 0.044521
1 0.614262 0.128425 0.015847 0.037671
1 0.639700 0.182363 0.018349 0.039384
1 0.637198 0.144692 0.015013 0.039384
1 0.651793 0.136986 0.014178 0.041096
1 0.674312 0.159247 0.017515 0.041096
1 0.675980 0.134418 0.014178 0.032534
1 0.701001 0.150685 0.017515 0.044521
1 0.683486 0.215753 0.019183 0.051370
1 0.648874 0.252568 0.025021 0.063356
1 0.602585 0.286815 0.022519 0.049658
1 0.556714 0.335616 0.027523 0.054795
1 0.592160 0.380993 0.026689 0.066781
1 0.643870 0.401541 0.031693 0.070205
1 0.709758 0.405822 0.030025 0.078767
1 0.719766 0.267979 0.023353 0.056507
1 0.740617 0.288527 0.023353 0.053082
1 0.729775 0.232877 0.020017 0.047945
1 0.735196 0.184932 0.015847 0.041096
1 0.768557 0.204623 0.017515 0.042808
1 0.759800 0.180651 0.015013 0.042808
1 0.800667 0.191781 0.018349 0.041096
1 0.811093 0.222603 0.019183 0.041096
1 0.833611 0.215753 0.015847 0.044521
1 0.786072 0.254281 0.019183 0.056507
1 0.801918 0.295377 0.024187 0.059932
1 0.780651 0.452055 0.031693 0.092466
1 0.858632 0.494007 0.034195 0.090753
1 0.876147 0.418664 0.025855 0.066781
1 0.956214 0.446062 0.027523 0.073630
1 0.840284 0.379281 0.027523 0.066781
1 0.861551 0.322774 0.025021 0.053082
1 0.884070 0.277397 0.020017 0.047945
1 0.914095 0.345890 0.020017 0.051370
1 0.942452 0.384418 0.023353 0.063356
1 0.968307 0.365582 0.016681 0.059932
1 0.863636 0.231164 0.014178 0.041096
1 0.873228 0.228596 0.013344 0.032534
1 0.898249 0.226884 0.015013 0.042808
1 0.895329 0.260274 0.015847 0.041096
1 0.924103 0.269692 0.015013 0.053082
1 0.942869 0.244007 0.012510 0.039384
1 0.968307 0.320205 0.016681 0.041096
1 0.984570 0.261130 0.017515 0.046233
