1 0.070625 0.557223 0.121250 0.228893
1 0.140000 0.502814 0.072500 0.153846
1 0.193125 0.397749 0.053750 0.086304
1 0.261875 0.410882 0.063750 0.120075
1 0.337500 0.406191 0.037500 0.073171
1 0.373750 0.408068 0.060000 0.106942
1 0.457500 0.548780 0.090000 0.148218
1 0.533750 0.690432 0.157500 0.258912
1 0.735000 0.509381 0.097500 0.170732
1 0.921250 0.565666 0.150000 0.317073
1 0.740000 0.439024 0.082500 0.112570
1 0.678750 0.439962 0.055000 0.118199
1 0.645625 0.418386 0.056250 0.093809
1 0.775625 0.390244 0.053750 0.078799
1 0.718750 0.262664 0.025000 0.045028
1 0.644375 0.265478 0.021250 0.035647
1 0.563750 0.263602 0.020000 0.043152
1 0.492500 0.272045 0.025000 0.041276
1 0.403125 0.263602 0.026250 0.046904
1 0.321250 0.278612 0.022500 0.039400
1 0.513750 0.489681 0.072500 0.112570
1 0.558125 0.409006 0.048750 0.097561
1 0.500625 0.433396 0.051250 0.078799
1 0.505000 0.380863 0.042500 0.063790
