1 0.823836 0.604984 0.099877 0.148693
1 0.863358 0.339461 0.088235 0.127451
1 0.782782 0.469158 0.053922 0.093546
1 0.762255 0.386846 0.048407 0.066993
1 0.680760 0.325572 0.033701 0.048203
1 0.672794 0.400735 0.034314 0.044935
1 0.644761 0.380515 0.032169 0.047794
1 0.639246 0.342933 0.025429 0.038807
1 0.614737 0.375408 0.025429 0.049837
1 0.494638 0.384395 0.053002 0.089869
1 0.489430 0.332108 0.036458 0.050654
1 0.464308 0.571691 0.100184 0.137663
1 0.459099 0.357435 0.022365 0.040033
1 0.408701 0.319036 0.041054 0.066993
1 0.335478 0.338644 0.054534 0.091503
1 0.276501 0.468546 0.103860 0.160131
1 0.204350 0.324142 0.071691 0.112337
1 0.238664 0.360498 0.026961 0.047794
1 0.128217 0.335989 0.035846 0.046977
1 0.109835 0.349060 0.024816 0.038807
1 0.073529 0.371324 0.047794 0.071895
1 0.027267 0.321078 0.036152 0.044935
