1 0.087230 0.646900 0.113309 0.183288
1 0.074640 0.520216 0.088129 0.113208
1 0.026978 0.447439 0.046763 0.097035
1 0.041367 0.373315 0.046763 0.078167
1 0.033273 0.330189 0.034173 0.056604
1 0.132194 0.429919 0.062950 0.094340
1 0.156475 0.370620 0.043165 0.072776
1 0.121403 0.328841 0.034173 0.053908
1 0.253597 0.493261 0.064748 0.102426
1 0.344424 0.567385 0.095324 0.148248
1 0.287770 0.287062 0.032374 0.051213
1 0.312050 0.301887 0.034173 0.048518
1 0.338129 0.198113 0.028777 0.051213
1 0.357914 0.270889 0.039568 0.056604
1 0.366906 0.338275 0.043165 0.061995
1 0.419964 0.366577 0.048561 0.070081
1 0.408273 0.316712 0.035971 0.040431
1 0.394784 0.292453 0.023381 0.035040
1 0.419964 0.258760 0.030576 0.037736
1 0.473921 0.274933 0.034173 0.053908
1 0.526079 0.343666 0.048561 0.067385
1 0.562050 0.417790 0.059353 0.102426
1 0.578237 0.788410 0.134892 0.207547
1 0.764388 0.533693 0.086331 0.123989
1 0.882194 0.452830 0.077338 0.113208
1 0.760791 0.371968 0.057554 0.080863
1 0.803957 0.339623 0.046763 0.064690
1 0.766187 0.301887 0.035971 0.053908
1 0.725719 0.262803 0.034173 0.056604
1 0.672662 0.261456 0.032374 0.053908
1 0.678058 0.190027 0.025180 0.045822
1 0.664568 0.376011 0.070144 0.088949
1 0.604317 0.334232 0.043165 0.070081
1 0.584532 0.285714 0.032374 0.053908
1 0.576439 0.237197 0.026978 0.043127
1 0.531475 0.300539 0.034173 0.056604
1 0.519784 0.243935 0.028777 0.035040
1 0.512590 0.280323 0.028777 0.037736
1 0.698741 0.323450 0.034173 0.043127
1 0.618705 0.268194 0.032374 0.051213
1 0.812050 0.280323 0.030576 0.053908
1 0.825540 0.250674 0.025180 0.037736
1 0.797662 0.253369 0.026978 0.037736
1 0.753597 0.234501 0.025180 0.037736
1 0.732014 0.229111 0.025180 0.026954
1 0.875899 0.235849 0.025180 0.040431
1 0.908273 0.308625 0.050360 0.067385
1 0.963129 0.304582 0.041367 0.070081
1 0.956835 0.256065 0.039568 0.043127
1 0.910971 0.272237 0.026978 0.043127
