1 0.061224 0.395349 0.029685 0.073090
1 0.256030 0.279070 0.018553 0.029900
1 0.313080 0.220100 0.017625 0.038206
1 0.300093 0.258306 0.025046 0.048173
1 0.343692 0.209302 0.017625 0.036545
1 0.369202 0.215947 0.018553 0.039867
1 0.380798 0.196013 0.019481 0.036545
1 0.414657 0.170266 0.020408 0.034884
1 0.447124 0.140365 0.012987 0.038206
1 0.467532 0.143688 0.020408 0.041528
1 0.349258 0.263289 0.021336 0.034884
1 0.385436 0.303156 0.019481 0.048173
1 0.410482 0.226744 0.017625 0.038206
1 0.441095 0.195183 0.026902 0.038206
1 0.451763 0.225914 0.020408 0.046512
1 0.469388 0.183555 0.024119 0.038206
1 0.505102 0.167774 0.021336 0.033223
1 0.531540 0.132890 0.018553 0.033223
1 0.487477 0.213455 0.021336 0.034884
1 0.536178 0.191860 0.016698 0.044850
1 0.554731 0.157807 0.016698 0.036545
1 0.553803 0.118771 0.014842 0.038206
1 0.582560 0.126246 0.016698 0.039867
1 0.587662 0.098837 0.013915 0.034884
1 0.614100 0.113787 0.022263 0.044850
1 0.640074 0.096346 0.018553 0.029900
1 0.649351 0.117940 0.022263 0.039867
1 0.620130 0.141196 0.019481 0.036545
1 0.604360 0.210963 0.021336 0.043189
1 0.556586 0.233389 0.025974 0.048173
1 0.491187 0.285714 0.025046 0.053156
1 0.527365 0.303156 0.026902 0.058140
1 0.600186 0.323920 0.035250 0.059801
1 0.665121 0.344684 0.031540 0.061462
1 0.653525 0.259967 0.019481 0.041528
1 0.653525 0.197674 0.030612 0.049834
1 0.668831 0.113787 0.020408 0.034884
1 0.682746 0.106312 0.018553 0.036545
1 0.683673 0.171927 0.033395 0.058140
1 0.698980 0.126246 0.023191 0.049834
1 0.694341 0.223422 0.030612 0.061462
1 0.700835 0.280731 0.025046 0.049834
1 0.776902 0.283223 0.026902 0.064784
1 0.732839 0.178571 0.024119 0.048173
1 0.724954 0.127076 0.017625 0.038206
1 0.736549 0.136213 0.016698 0.033223
1 0.742115 0.153654 0.020408 0.038206
1 0.739332 0.101329 0.011132 0.026578
1 0.769944 0.117110 0.011132 0.031561
1 0.762523 0.133721 0.018553 0.051495
1 0.791280 0.127076 0.014842 0.041528
1 0.811224 0.151163 0.019481 0.036545
1 0.785714 0.173588 0.016698 0.041528
1 0.800557 0.238372 0.018553 0.048173
1 0.760668 0.229236 0.025974 0.053156
1 0.828850 0.133721 0.017625 0.034884
1 0.844620 0.143688 0.015770 0.038206
1 0.858071 0.127907 0.014842 0.029900
1 0.889147 0.125415 0.013915 0.034884
1 0.907236 0.154485 0.014842 0.033223
1 0.926252 0.157807 0.019481 0.029900
1 0.853432 0.186877 0.020408 0.034884
1 0.871985 0.169435 0.022263 0.049834
1 0.893321 0.160299 0.022263 0.031561
1 0.886827 0.190199 0.024119 0.041528
1 0.908163 0.191860 0.012987 0.031561
1 0.863636 0.218439 0.018553 0.038206
1 0.914193 0.273256 0.023191 0.048173
1 0.857607 0.147010 0.017625 0.031561
1 0.606215 0.273256 0.032468 0.051495
1 0.649814 0.168605 0.019481 0.031561
1 0.481447 0.132060 0.016698 0.028239
1 0.573284 0.147841 0.016698 0.039867
