1 0.096541 0.564593 0.043443 0.092504
1 0.226870 0.260766 0.012872 0.027113
1 0.244167 0.276715 0.020113 0.039872
1 0.292840 0.232057 0.017699 0.036683
1 0.317780 0.236842 0.014481 0.033493
1 0.339903 0.234450 0.012068 0.038278
1 0.358407 0.228868 0.013677 0.030303
1 0.323411 0.202552 0.019308 0.031898
1 0.375704 0.267943 0.016090 0.038278
1 0.447305 0.301435 0.020917 0.038278
1 0.376106 0.196172 0.013677 0.025518
1 0.400241 0.189793 0.016895 0.025518
1 0.413918 0.226475 0.016895 0.041467
1 0.446903 0.195375 0.015286 0.030303
1 0.444087 0.164274 0.012872 0.028708
1 0.498793 0.239234 0.024135 0.041467
1 0.468624 0.165072 0.012068 0.033493
1 0.479083 0.161882 0.010459 0.030303
1 0.494771 0.170654 0.016090 0.044657
1 0.508447 0.150718 0.016090 0.030303
1 0.533387 0.167464 0.014481 0.038278
1 0.561545 0.216108 0.017699 0.043062
1 0.594127 0.204147 0.015286 0.038278
1 0.623089 0.208134 0.016895 0.043062
1 0.569992 0.156300 0.018504 0.038278
1 0.590507 0.132376 0.014481 0.028708
1 0.596138 0.168262 0.012872 0.033493
1 0.613837 0.128389 0.016090 0.033493
1 0.619469 0.148325 0.014481 0.025518
1 0.625101 0.175439 0.014481 0.028708
1 0.672969 0.189793 0.016895 0.028708
1 0.649638 0.125997 0.012068 0.028708
1 0.670555 0.149123 0.013677 0.030303
1 0.679807 0.138756 0.011263 0.035088
1 0.702333 0.155502 0.012872 0.030303
1 0.707160 0.135566 0.014481 0.038278
1 0.731698 0.153110 0.015286 0.038278
1 0.586082 0.322169 0.023331 0.047847
1 0.628319 0.357257 0.022526 0.051037
1 0.633950 0.287081 0.024135 0.051037
1 0.685438 0.231260 0.017699 0.038278
1 0.708769 0.208931 0.016090 0.038278
1 0.733307 0.259968 0.016895 0.047847
1 0.765889 0.284689 0.025744 0.039872
1 0.670153 0.398724 0.025744 0.063796
1 0.738536 0.382775 0.025744 0.063796
1 0.812953 0.439394 0.028158 0.074960
1 0.876508 0.499203 0.028158 0.073365
1 0.898632 0.385167 0.022526 0.052632
1 0.960177 0.437002 0.020113 0.054226
1 0.965004 0.370016 0.015286 0.044657
1 0.989139 0.354864 0.015286 0.043062
1 0.823411 0.311802 0.018504 0.052632
1 0.809332 0.239234 0.012872 0.038278
1 0.755833 0.223285 0.015286 0.038278
1 0.770716 0.189793 0.011263 0.028708
1 0.793242 0.200957 0.014481 0.035088
1 0.784795 0.179426 0.012068 0.030303
1 0.823009 0.188995 0.012872 0.033493
1 0.833065 0.227273 0.015286 0.033493
1 0.848753 0.209729 0.012872 0.030303
1 0.879324 0.225678 0.014481 0.033493
1 0.895817 0.230463 0.010459 0.030303
1 0.905068 0.271132 0.017699 0.041467
1 0.873693 0.331738 0.017699 0.041467
1 0.884956 0.300638 0.014481 0.036683
1 0.938858 0.322967 0.016090 0.039872
1 0.942880 0.259968 0.011263 0.031898
1 0.923170 0.222488 0.010459 0.030303
1 0.917940 0.255183 0.011263 0.035088
1 0.971038 0.252791 0.014481 0.033493
1 0.992357 0.308612 0.015286 0.033493
