1 0.071667 0.616667 0.053333 0.073333
1 0.142500 0.615556 0.068333 0.133333
1 0.284167 0.588889 0.055000 0.080000
1 0.331667 0.591111 0.046667 0.084444
1 0.355833 0.818889 0.145000 0.206667
1 0.383333 0.692222 0.110000 0.162222
1 0.429167 0.614444 0.068333 0.108889
1 0.492500 0.641111 0.065000 0.104444
1 0.560833 0.614444 0.071667 0.117778
1 0.537500 0.436667 0.041667 0.060000
1 0.834167 0.772222 0.141667 0.202222
1 0.932500 0.650000 0.105000 0.166667
1 0.885833 0.537778 0.048333 0.071111
1 0.776667 0.665556 0.076667 0.100000
1 0.721667 0.655556 0.060000 0.102222
1 0.771667 0.580000 0.056667 0.097778
1 0.683333 0.575556 0.036667 0.066667
1 0.841667 0.578889 0.046667 0.077778
1 0.720833 0.586667 0.045000 0.057778
