1 0.226562 0.595703 0.158203 0.227865
1 0.074056 0.809245 0.136393 0.259115
1 0.051921 0.366970 0.067383 0.089844
1 0.180501 0.279948 0.064128 0.112847
1 0.207845 0.355035 0.044596 0.073785
1 0.248210 0.337240 0.033529 0.050347
1 0.277018 0.323785 0.036458 0.063368
1 0.378092 0.453993 0.073242 0.125868
1 0.421224 0.476997 0.096354 0.136285
1 0.406901 0.385417 0.052083 0.073785
1 0.442057 0.338976 0.048177 0.067708
1 0.403320 0.335069 0.037760 0.049479
1 0.406413 0.310981 0.036133 0.058594
1 0.591146 0.312066 0.031901 0.062500
1 0.657389 0.312717 0.049154 0.088108
1 0.675293 0.320530 0.043945 0.089844
1 0.688151 0.250217 0.045573 0.071615
1 0.744466 0.345486 0.059896 0.072917
1 0.820150 0.307509 0.066081 0.114149
1 0.784342 0.249566 0.034831 0.060764
1 0.875814 0.302517 0.036133 0.061632
1 0.763509 0.320095 0.049154 0.070747
