1 0.029742 0.463816 0.029331 0.049342
1 0.053043 0.471217 0.030976 0.041118
1 0.091694 0.497327 0.042489 0.056332
1 0.119518 0.508224 0.049890 0.074013
1 0.151727 0.443462 0.030976 0.039062
1 0.173931 0.462788 0.028783 0.043174
1 0.185307 0.552426 0.049890 0.071957
1 0.292626 0.489515 0.042489 0.055510
1 0.344572 0.503495 0.043860 0.058799
1 0.416255 0.526110 0.050164 0.067023
1 0.573876 0.561061 0.041941 0.058799
1 0.532072 0.445312 0.024123 0.037007
1 0.595121 0.463816 0.024123 0.045230
1 0.707237 0.420230 0.027412 0.044408
1 0.954496 0.592311 0.082237 0.133635
