1 0.402875 0.324512 0.029250 0.054429
1 0.635125 0.409347 0.025750 0.046922
1 0.681375 0.392830 0.026250 0.049174
1 0.693250 0.339715 0.030500 0.053303
1 0.748125 0.335586 0.027750 0.053303
1 0.830000 0.330330 0.033500 0.053303
1 0.921625 0.449700 0.029250 0.050300
1 0.954250 0.467342 0.032000 0.050300
1 0.916875 0.595721 0.052750 0.091592
1 0.847000 0.545045 0.042500 0.069820
1 0.790750 0.475225 0.037000 0.059309
1 0.706125 0.487613 0.031250 0.059309
1 0.740375 0.516892 0.047250 0.082583
1 0.747375 0.581456 0.058250 0.099099
1 0.832500 0.667605 0.077000 0.108483
1 0.879625 0.830706 0.102250 0.190691
1 0.375125 0.808371 0.108250 0.170796
1 0.124125 0.793168 0.088250 0.165916
1 0.324750 0.623686 0.064500 0.106231
1 0.379625 0.574700 0.052250 0.083333
1 0.399750 0.524212 0.048000 0.079955
1 0.437250 0.494369 0.045000 0.066817
1 0.470625 0.467905 0.031250 0.052928
1 0.469250 0.628003 0.073000 0.133634
1 0.520875 0.603416 0.052750 0.100976
1 0.525125 0.525150 0.043250 0.069820
1 0.537750 0.484610 0.037500 0.051051
1 0.536625 0.452327 0.029750 0.051051
1 0.314000 0.448574 0.037500 0.056306
1 0.273000 0.460586 0.039000 0.059309
1 0.235875 0.509009 0.043750 0.064565
1 0.251875 0.447447 0.032750 0.056306
1 0.150125 0.547110 0.051250 0.073949
1 0.180000 0.472035 0.040500 0.052928
1 0.118875 0.498311 0.047250 0.065691
1 0.103250 0.441254 0.037000 0.052177
1 0.054375 0.523273 0.052750 0.080330
1 0.032750 0.580893 0.064000 0.089715
1 0.022750 0.472598 0.039500 0.060811
1 0.048375 0.439189 0.031250 0.050300
