1 0.168396 0.487479 0.040566 0.080134
1 0.250000 0.262938 0.015094 0.031720
1 0.272170 0.260434 0.017925 0.033389
1 0.291509 0.266277 0.018868 0.041736
1 0.310377 0.267947 0.018868 0.048414
1 0.309434 0.218698 0.018868 0.033389
1 0.329717 0.220367 0.017925 0.036728
1 0.348585 0.220367 0.017925 0.040067
1 0.344340 0.262104 0.020755 0.040067
1 0.368396 0.272955 0.017925 0.041736
1 0.371698 0.186144 0.013208 0.028381
1 0.395283 0.210351 0.018868 0.033389
1 0.404717 0.273790 0.024528 0.053422
1 0.430189 0.237062 0.020755 0.036728
1 0.416038 0.183639 0.015094 0.030050
1 0.401887 0.176127 0.015094 0.031720
1 0.447642 0.186978 0.019811 0.033389
1 0.473113 0.229549 0.021698 0.045075
1 0.480660 0.195326 0.016038 0.033389
1 0.500472 0.194491 0.017925 0.035058
1 0.482075 0.169449 0.013208 0.028381
1 0.471698 0.157763 0.016981 0.031720
1 0.456604 0.143573 0.013208 0.026711
1 0.494811 0.125209 0.012264 0.026711
1 0.538208 0.186144 0.017925 0.035058
1 0.554717 0.156928 0.013208 0.030050
1 0.570283 0.164441 0.016038 0.038397
1 0.565094 0.141903 0.011321 0.026711
1 0.549528 0.125209 0.014151 0.030050
1 0.575943 0.125209 0.012264 0.030050
1 0.596226 0.134391 0.011321 0.028381
1 0.612736 0.133556 0.014151 0.033389
1 0.620755 0.141068 0.013208 0.028381
1 0.646226 0.126043 0.011321 0.031720
1 0.650000 0.108514 0.009434 0.023372
1 0.674057 0.114357 0.012264 0.028381
1 0.627358 0.184474 0.016981 0.035058
1 0.550943 0.240401 0.022642 0.046745
1 0.491509 0.304674 0.030189 0.058431
1 0.577358 0.287980 0.024528 0.058431
1 0.600472 0.329716 0.033019 0.068447
1 0.619340 0.250417 0.027358 0.053422
1 0.675472 0.238731 0.024528 0.050083
1 0.671226 0.195326 0.019811 0.043406
1 0.660849 0.171119 0.016038 0.035058
1 0.683962 0.144407 0.016981 0.035058
1 0.704717 0.145242 0.013208 0.026711
1 0.719811 0.160267 0.016981 0.036728
1 0.701415 0.181135 0.017925 0.038397
1 0.717925 0.222871 0.026415 0.051753
1 0.713208 0.273790 0.026415 0.050083
1 0.771698 0.276294 0.022642 0.055092
1 0.776415 0.226210 0.024528 0.051753
1 0.735377 0.196160 0.021698 0.048414
1 0.757075 0.163606 0.016038 0.036728
1 0.773585 0.183639 0.015094 0.036728
1 0.740566 0.146077 0.016981 0.031720
1 0.739151 0.116027 0.014151 0.028381
1 0.765094 0.129382 0.015094 0.031720
1 0.787264 0.148581 0.014151 0.033389
1 0.803302 0.164441 0.017925 0.045075
1 0.843868 0.338898 0.031132 0.056761
1 0.857547 0.249583 0.028302 0.055092
1 0.850000 0.218698 0.024528 0.040067
1 0.833962 0.145242 0.016981 0.030050
1 0.863679 0.149416 0.016038 0.038397
1 0.879245 0.164441 0.013208 0.035058
1 0.896226 0.151085 0.013208 0.031720
1 0.893396 0.192821 0.018868 0.038397
1 0.919811 0.223706 0.016981 0.040067
1 0.915566 0.265442 0.025472 0.053422
