1 0.825000 0.424437 0.206000 0.334405
1 0.758000 0.226688 0.096000 0.131833
1 0.638000 0.294212 0.124000 0.209003
1 0.563000 0.315113 0.066000 0.154341
1 0.344000 0.352090 0.068000 0.131833
1 0.360000 0.231511 0.060000 0.102894
1 0.420000 0.220257 0.040000 0.080386
1 0.471000 0.274920 0.066000 0.131833
1 0.549000 0.215434 0.050000 0.102894
1 0.507000 0.205788 0.046000 0.077170
1 0.609000 0.122186 0.030000 0.045016
1 0.591000 0.086817 0.026000 0.045016
1 0.295000 0.088424 0.026000 0.041801
1 0.283000 0.032154 0.026000 0.038585
1 0.325000 0.024116 0.018000 0.035370
1 0.338000 0.069132 0.020000 0.054662
1 0.362000 0.112540 0.024000 0.051447
1 0.301000 0.220257 0.034000 0.073955
1 0.321000 0.136656 0.030000 0.041801
1 0.416000 0.114148 0.028000 0.048232
1 0.449000 0.094855 0.022000 0.041801
1 0.488000 0.112540 0.024000 0.045016
1 0.558000 0.054662 0.024000 0.038585
1 0.562000 0.014469 0.024000 0.022508
1 0.528000 0.033762 0.020000 0.048232
1 0.491000 0.048232 0.022000 0.038585
1 0.503000 0.024116 0.018000 0.028939
1 0.481000 0.017685 0.018000 0.028939
1 0.457000 0.036977 0.022000 0.041801
1 0.417000 0.069132 0.018000 0.041801
1 0.408000 0.056270 0.016000 0.035370
1 0.380000 0.022508 0.020000 0.032154
1 0.360000 0.053055 0.016000 0.035370
1 0.342000 0.014469 0.020000 0.022508
1 0.441000 0.019293 0.022000 0.032154
1 0.410000 0.163987 0.036000 0.057878
1 0.466000 0.146302 0.024000 0.048232
1 0.512000 0.155949 0.028000 0.048232
1 0.521000 0.128617 0.034000 0.045016
