1 0.268707 0.256849 0.014577 0.027397
1 0.281341 0.248288 0.016521 0.027397
1 0.299806 0.245719 0.018465 0.035959
1 0.361030 0.242295 0.022352 0.042808
1 0.395530 0.264555 0.013605 0.032534
1 0.397473 0.213185 0.013605 0.029110
1 0.365403 0.194349 0.015549 0.025685
1 0.390185 0.187500 0.008746 0.022260
1 0.403790 0.195205 0.012634 0.023973
1 0.440719 0.220890 0.018465 0.034247
1 0.420311 0.164384 0.010690 0.023973
1 0.449466 0.181507 0.012634 0.030822
1 0.468416 0.157534 0.011662 0.020548
1 0.468902 0.136986 0.008746 0.017123
1 0.480564 0.174658 0.014577 0.027397
1 0.520894 0.202911 0.017493 0.032534
1 0.490282 0.190925 0.016521 0.032534
1 0.529155 0.164384 0.014577 0.023973
1 0.503401 0.126712 0.011662 0.020548
1 0.500486 0.154966 0.011662 0.018836
1 0.538873 0.116438 0.012634 0.020548
1 0.560253 0.111301 0.008746 0.017123
1 0.543732 0.168664 0.010690 0.022260
1 0.581633 0.165240 0.012634 0.025685
1 0.569971 0.143836 0.010690 0.023973
1 0.582604 0.113014 0.010690 0.020548
1 0.593780 0.098459 0.009718 0.018836
1 0.617590 0.124144 0.010690 0.029110
1 0.620505 0.096747 0.010690 0.018836
1 0.588435 0.139555 0.008746 0.022260
1 0.607386 0.150685 0.011662 0.023973
1 0.656463 0.127568 0.010690 0.018836
1 0.647230 0.116438 0.007775 0.020548
1 0.645287 0.095890 0.009718 0.020548
1 0.672498 0.101884 0.011662 0.029110
1 0.702624 0.100171 0.013605 0.029110
1 0.678814 0.142123 0.012634 0.020548
1 0.665209 0.160959 0.014577 0.027397
1 0.614674 0.204623 0.016521 0.032534
1 0.562196 0.251712 0.016521 0.034247
1 0.497085 0.297945 0.022352 0.044521
1 0.529155 0.321918 0.032070 0.044521
1 0.607386 0.313356 0.027211 0.054795
1 0.612245 0.255993 0.021380 0.035959
1 0.664723 0.205479 0.019436 0.037671
1 0.685617 0.312500 0.022352 0.056507
1 0.707483 0.254281 0.023324 0.042808
1 0.691448 0.222603 0.016521 0.034247
1 0.706025 0.172945 0.014577 0.034247
1 0.733236 0.182363 0.014577 0.035959
1 0.752672 0.214041 0.018465 0.041096
1 0.764334 0.283390 0.026239 0.042808
1 0.755588 0.334760 0.039845 0.063356
1 0.792517 0.390411 0.030126 0.058219
1 0.897473 0.363014 0.032070 0.058219
1 0.838678 0.310788 0.023324 0.049658
1 0.809038 0.240582 0.020408 0.039384
1 0.782799 0.201199 0.014577 0.032534
1 0.782313 0.158390 0.015549 0.035959
1 0.827502 0.150685 0.012634 0.027397
1 0.832847 0.208048 0.017493 0.039384
1 0.868805 0.263699 0.015549 0.044521
1 0.876093 0.209760 0.014577 0.032534
1 0.878523 0.176370 0.013605 0.030822
1 0.859086 0.142123 0.015549 0.023973
1 0.844509 0.124144 0.009718 0.029110
1 0.871720 0.119863 0.011662 0.020548
1 0.829932 0.129281 0.013605 0.018836
1 0.885811 0.148116 0.012634 0.022260
1 0.906220 0.142123 0.010690 0.027397
1 0.926142 0.146404 0.009718 0.025685
1 0.959184 0.098459 0.011662 0.029110
1 0.931001 0.201199 0.011662 0.032534
1 0.923712 0.238870 0.014577 0.035959
1 0.913994 0.285959 0.022352 0.054795
