1 0.127201 0.528169 0.125880 0.190141
1 0.226232 0.632042 0.177817 0.221831
1 0.375880 0.717723 0.232394 0.329812
1 0.047975 0.469484 0.094190 0.171362
1 0.097271 0.419014 0.090669 0.117371
1 0.067342 0.362089 0.062500 0.080986
1 0.228873 0.367371 0.068662 0.089202
1 0.305458 0.388498 0.061620 0.100939
1 0.386004 0.433685 0.076585 0.106808
1 0.527289 0.422535 0.072183 0.124413
1 0.665053 0.442488 0.088908 0.129108
1 0.756162 0.480047 0.112676 0.152582
1 0.783011 0.862089 0.273768 0.264085
1 0.972711 0.542840 0.054577 0.160798
