1 0.041000 0.636637 0.050000 0.066066
1 0.042000 0.582583 0.024000 0.042042
1 0.073000 0.573574 0.026000 0.048048
1 0.083000 0.780781 0.086000 0.138138
1 0.156000 0.639640 0.044000 0.066066
1 0.221000 0.596096 0.046000 0.075075
1 0.251000 0.668168 0.054000 0.081081
1 0.291000 0.615616 0.042000 0.078078
1 0.344000 0.642643 0.048000 0.084084
1 0.374000 0.626126 0.036000 0.069069
1 0.443000 0.632132 0.046000 0.081081
1 0.471000 0.687688 0.058000 0.108108
1 0.512000 0.484985 0.028000 0.045045
1 0.540000 0.644144 0.052000 0.093093
1 0.611000 0.926426 0.106000 0.129129
1 0.674000 0.716216 0.064000 0.111111
1 0.669000 0.644144 0.050000 0.075075
1 0.639000 0.609610 0.042000 0.066066
1 0.720000 0.642643 0.048000 0.072072
1 0.715000 0.599099 0.042000 0.063063
1 0.861000 0.648649 0.042000 0.078078
1 0.903000 0.749249 0.074000 0.111111
