1 0.029389 0.406863 0.025862 0.051821
1 0.214734 0.348039 0.018809 0.037815
1 0.250784 0.341737 0.018809 0.042017
1 0.281348 0.364846 0.021944 0.043417
1 0.284483 0.299020 0.018809 0.035014
1 0.322492 0.357143 0.021160 0.050420
1 0.348354 0.322829 0.018025 0.035014
1 0.346787 0.290616 0.014890 0.035014
1 0.376567 0.325630 0.018025 0.035014
1 0.393025 0.333333 0.018025 0.036415
1 0.398119 0.294118 0.017241 0.028011
1 0.380486 0.251401 0.014890 0.032213
1 0.404781 0.262605 0.013323 0.026611
1 0.418495 0.250000 0.012539 0.035014
1 0.426724 0.270308 0.013323 0.028011
1 0.423981 0.297619 0.015674 0.035014
1 0.457288 0.299720 0.016458 0.033613
1 0.452586 0.236695 0.013323 0.028011
1 0.481191 0.266106 0.017241 0.033613
1 0.492947 0.314426 0.018809 0.035014
1 0.504702 0.296218 0.018809 0.029412
1 0.440439 0.247899 0.012539 0.028011
1 0.492947 0.252101 0.010972 0.028011
1 0.502743 0.239496 0.011755 0.025210
1 0.514498 0.261905 0.016458 0.030812
1 0.554859 0.282213 0.017241 0.035014
1 0.539969 0.219188 0.017241 0.032213
1 0.553292 0.231092 0.012539 0.028011
1 0.557994 0.201681 0.012539 0.028011
1 0.553292 0.259104 0.017241 0.028011
1 0.579545 0.237395 0.016458 0.032213
1 0.587382 0.221289 0.014890 0.033613
1 0.592868 0.202381 0.013323 0.023810
1 0.609326 0.208683 0.013323 0.028011
1 0.606191 0.231793 0.013323 0.026611
1 0.613245 0.254202 0.014890 0.023810
1 0.637931 0.217087 0.012539 0.022409
1 0.650078 0.228992 0.011755 0.032213
1 0.662226 0.224090 0.010972 0.025210
1 0.679859 0.245798 0.018025 0.037815
1 0.643417 0.268207 0.015674 0.035014
1 0.614812 0.289216 0.018025 0.035014
1 0.579545 0.320028 0.021160 0.043417
1 0.516066 0.356443 0.025862 0.049020
1 0.523511 0.402661 0.028213 0.057423
1 0.441223 0.410364 0.029781 0.061625
1 0.429075 0.354342 0.021160 0.044818
1 0.590517 0.420168 0.028997 0.061625
1 0.579545 0.373950 0.025862 0.047619
1 0.627743 0.332633 0.021944 0.046218
1 0.661834 0.324230 0.018025 0.040616
1 0.663009 0.357843 0.023511 0.049020
1 0.637539 0.389356 0.027429 0.061625
1 0.642633 0.455882 0.031348 0.068627
1 0.690439 0.504202 0.037618 0.075630
1 0.708464 0.394258 0.028213 0.046218
1 0.699060 0.281513 0.014107 0.036415
1 0.706505 0.273109 0.018025 0.033613
1 0.719828 0.242297 0.011755 0.025210
1 0.721003 0.217787 0.012539 0.032213
1 0.737069 0.279412 0.014890 0.037815
1 0.748041 0.262605 0.016458 0.035014
1 0.751176 0.239496 0.013323 0.028011
1 0.778605 0.243697 0.014890 0.033613
1 0.781740 0.294118 0.013323 0.036415
1 0.788009 0.275910 0.014890 0.030812
1 0.807602 0.253501 0.013323 0.036415
1 0.797414 0.329832 0.016458 0.046218
1 0.781740 0.357143 0.022727 0.050420
1 0.763323 0.435574 0.026646 0.053221
1 0.782915 0.542017 0.039185 0.086835
1 0.813871 0.427171 0.028997 0.058824
1 0.873433 0.446779 0.028997 0.061625
1 0.881270 0.399860 0.021160 0.057423
1 0.882445 0.347339 0.018809 0.039216
1 0.887147 0.319328 0.018809 0.039216
1 0.896944 0.307423 0.013323 0.032213
1 0.896944 0.280112 0.014890 0.033613
1 0.863245 0.281513 0.018025 0.039216
1 0.838950 0.338235 0.022727 0.040616
1 0.826803 0.369748 0.020376 0.047619
1 0.828370 0.281513 0.020376 0.036415
1 0.826411 0.250000 0.014890 0.023810
1 0.840909 0.247899 0.014107 0.028011
