1 0.880839 0.159052 0.011439 0.030457
1 0.905148 0.164975 0.010486 0.032149
1 0.940419 0.168359 0.008580 0.028765
1 0.928980 0.203892 0.010486 0.035533
1 0.885129 0.235195 0.014299 0.033841
1 0.929457 0.252115 0.015253 0.033841
1 0.917064 0.263113 0.017159 0.038917
1 0.918017 0.303723 0.017159 0.042301
1 0.914204 0.340102 0.019066 0.054146
1 0.866540 0.278342 0.017159 0.052453
1 0.853194 0.187817 0.015253 0.037225
1 0.816492 0.300338 0.020019 0.055838
1 0.846044 0.323181 0.023832 0.057530
1 0.839371 0.211506 0.014299 0.040609
1 0.837941 0.234349 0.017159 0.042301
1 0.840324 0.154822 0.012393 0.028765
1 0.810772 0.146362 0.014299 0.035533
1 0.794566 0.214890 0.016206 0.037225
1 0.767398 0.252115 0.017159 0.043993
1 0.740705 0.272420 0.019066 0.050761
1 0.738799 0.195431 0.015253 0.038917
1 0.717350 0.232657 0.016206 0.045685
1 0.734509 0.148054 0.010486 0.032149
1 0.764538 0.120135 0.011439 0.027073
1 0.782173 0.148054 0.010486 0.028765
1 0.795996 0.161591 0.013346 0.032149
1 0.792660 0.129442 0.010486 0.025381
1 0.747378 0.180203 0.015253 0.025381
1 0.713060 0.120981 0.009533 0.025381
1 0.686368 0.114213 0.011439 0.025381
1 0.689704 0.188663 0.014299 0.035533
1 0.655863 0.196277 0.015253 0.037225
1 0.673022 0.217428 0.019066 0.042301
1 0.679695 0.264805 0.020972 0.049069
1 0.625834 0.261421 0.020019 0.049069
1 0.625834 0.204738 0.018112 0.040609
1 0.580076 0.234349 0.018112 0.045685
1 0.575310 0.170897 0.016206 0.033841
1 0.593422 0.118443 0.008580 0.023689
1 0.603908 0.104907 0.008580 0.023689
1 0.612488 0.129442 0.008580 0.028765
1 0.620591 0.129442 0.009533 0.028765
1 0.637750 0.149746 0.013346 0.032149
1 0.657769 0.118443 0.009533 0.027073
1 0.513823 0.126058 0.009533 0.021997
1 0.518112 0.130288 0.008580 0.023689
1 0.541468 0.137056 0.009533 0.030457
1 0.561964 0.141286 0.014299 0.025381
1 0.514299 0.188663 0.016206 0.038917
1 0.540991 0.196277 0.016206 0.040609
1 0.548618 0.290186 0.020019 0.055838
1 0.469971 0.137056 0.009533 0.023689
1 0.494280 0.139594 0.010486 0.021997
1 0.479981 0.153976 0.010486 0.027073
1 0.497617 0.159052 0.011439 0.023689
1 0.485224 0.208968 0.019066 0.045685
1 0.440896 0.151438 0.010486 0.025381
1 0.391325 0.170897 0.010486 0.027073
1 0.414681 0.166667 0.011439 0.028765
1 0.431363 0.175973 0.012393 0.027073
1 0.448522 0.212352 0.014299 0.042301
1 0.427073 0.214044 0.015253 0.035533
1 0.413251 0.208968 0.016206 0.035533
1 0.406578 0.272420 0.023832 0.043993
1 0.367969 0.193739 0.015253 0.035533
1 0.350334 0.206430 0.014299 0.037225
1 0.373213 0.248731 0.018112 0.043993
1 0.270257 0.223350 0.012393 0.030457
1 0.311725 0.262267 0.019066 0.043993
1 0.233079 0.324873 0.029552 0.067682
