1 0.671371 0.671667 0.116935 0.356667
1 0.624328 0.690000 0.081989 0.293333
1 0.594758 0.481667 0.100806 0.310000
1 0.708333 0.486667 0.061828 0.253333
1 0.766129 0.466667 0.064516 0.293333
1 0.817876 0.460000 0.081989 0.306667
1 0.877016 0.575000 0.087366 0.296667
1 0.948253 0.611667 0.098118 0.350000
1 0.970430 0.385000 0.059140 0.170000
1 0.903226 0.385000 0.064516 0.190000
1 0.951613 0.216667 0.051075 0.133333
1 0.873656 0.193333 0.051075 0.146667
1 0.854167 0.325000 0.052419 0.130000
1 0.696909 0.360000 0.055108 0.133333
1 0.659274 0.426667 0.052419 0.120000
