1 0.118756 0.454849 0.045240 0.083612
1 0.257776 0.261706 0.023563 0.038462
1 0.275212 0.265886 0.016965 0.030100
1 0.297361 0.260033 0.019793 0.035117
1 0.316211 0.229097 0.016023 0.033445
1 0.333176 0.225753 0.016023 0.036789
1 0.327050 0.272575 0.022620 0.046823
1 0.350141 0.262542 0.023563 0.046823
1 0.357681 0.219900 0.021678 0.038462
1 0.365693 0.196488 0.018850 0.035117
1 0.384072 0.194816 0.016023 0.031773
1 0.385485 0.255017 0.022620 0.048495
1 0.405278 0.269231 0.022620 0.046823
1 0.401037 0.211538 0.021678 0.045151
1 0.436381 0.239130 0.022620 0.043478
1 0.445806 0.193144 0.020735 0.038462
1 0.478322 0.226589 0.021678 0.038462
1 0.447220 0.157191 0.016023 0.030100
1 0.461828 0.168060 0.016965 0.031773
1 0.488690 0.193980 0.021678 0.036789
1 0.500471 0.163043 0.016965 0.031773
1 0.488219 0.136288 0.016965 0.031773
1 0.559378 0.117057 0.017908 0.030100
1 0.537229 0.184783 0.024505 0.041806
1 0.580584 0.216555 0.024505 0.051839
1 0.570217 0.170569 0.018850 0.036789
1 0.550424 0.157191 0.015080 0.033445
1 0.483506 0.311873 0.032045 0.061873
1 0.585297 0.285117 0.030160 0.058528
1 0.636664 0.301003 0.034873 0.060201
1 0.622526 0.253344 0.023563 0.051839
1 0.621112 0.208194 0.022620 0.045151
1 0.584826 0.142140 0.016023 0.030100
1 0.593779 0.121237 0.009425 0.025084
1 0.608860 0.149666 0.015080 0.035117
1 0.645146 0.131271 0.016023 0.028428
1 0.680490 0.119565 0.013195 0.035117
1 0.615457 0.117893 0.015080 0.025084
1 0.650801 0.219064 0.023563 0.050167
1 0.664467 0.177258 0.016965 0.040134
1 0.688501 0.188963 0.017908 0.040134
1 0.684260 0.154682 0.018850 0.038462
1 0.709237 0.156355 0.014138 0.035117
1 0.725730 0.165552 0.016965 0.040134
1 0.705467 0.215719 0.019793 0.040134
1 0.676720 0.244147 0.024505 0.056856
1 0.717719 0.274247 0.031103 0.063545
1 0.779453 0.289298 0.028275 0.060201
1 0.777097 0.233278 0.027333 0.058528
1 0.739397 0.198161 0.021678 0.041806
1 0.767201 0.170569 0.020735 0.043478
1 0.749293 0.141304 0.018850 0.035117
1 0.737041 0.107860 0.016965 0.031773
1 0.767201 0.130435 0.018850 0.033445
1 0.788407 0.145485 0.017908 0.036789
1 0.804430 0.163880 0.019793 0.036789
1 0.809142 0.130435 0.014138 0.033445
1 0.833176 0.139632 0.016965 0.041806
1 0.839303 0.190635 0.016023 0.040134
1 0.830820 0.214883 0.021678 0.051839
1 0.857681 0.160535 0.015080 0.036789
1 0.894439 0.171405 0.018850 0.041806
1 0.896795 0.151338 0.014138 0.038462
1 0.900566 0.204849 0.017908 0.041806
1 0.878417 0.275920 0.022620 0.053512
1 0.836004 0.316890 0.026390 0.065217
1 0.923186 0.272575 0.019793 0.053512
1 0.930254 0.239967 0.022620 0.048495
