1 0.062500 0.252345 0.075000 0.133208
1 0.121875 0.204503 0.066250 0.105066
1 0.202500 0.285178 0.057500 0.097561
1 0.240000 0.516886 0.077500 0.136961
1 0.274375 0.245779 0.066250 0.116323
1 0.225625 0.165103 0.051250 0.093809
1 0.327500 0.175422 0.052500 0.084428
1 0.359375 0.287054 0.058750 0.101313
1 0.401250 0.225141 0.055000 0.101313
1 0.446875 0.152908 0.043750 0.106942
1 0.493750 0.189493 0.047500 0.086304
1 0.538750 0.232645 0.065000 0.101313
1 0.589375 0.206379 0.036250 0.093809
1 0.640625 0.235460 0.053750 0.099437
1 0.676875 0.171670 0.043750 0.084428
1 0.696875 0.260788 0.068750 0.120075
1 0.752500 0.196998 0.047500 0.093809
1 0.785625 0.246717 0.058750 0.103189
1 0.816875 0.164165 0.053750 0.095685
1 0.848125 0.230769 0.053750 0.108818
1 0.931250 0.245779 0.055000 0.105066
1 0.613750 0.502814 0.072500 0.142589
1 0.450000 0.497186 0.062500 0.127580
