1 0.202242 0.431699 0.045809 0.068301
1 0.307505 0.218914 0.018519 0.042032
1 0.332846 0.229422 0.016569 0.038529
1 0.359162 0.236427 0.018519 0.045534
1 0.410331 0.246060 0.023392 0.033275
1 0.417641 0.211033 0.018519 0.040280
1 0.467349 0.197898 0.022417 0.035026
1 0.420565 0.154991 0.012671 0.029772
1 0.434211 0.157618 0.012671 0.038529
1 0.469298 0.155867 0.024366 0.038529
1 0.497563 0.154116 0.016569 0.035026
1 0.543860 0.154991 0.021442 0.040280
1 0.559942 0.190018 0.022417 0.036778
1 0.633041 0.234676 0.018519 0.052539
1 0.671053 0.234676 0.026316 0.038529
1 0.641813 0.049037 0.012671 0.031524
1 0.732456 0.147986 0.022417 0.040280
1 0.904971 0.198774 0.016569 0.040280
1 0.893762 0.245184 0.023392 0.059545
1 0.911306 0.336252 0.033138 0.070053
1 0.924464 0.247811 0.020468 0.050788
1 0.940546 0.201401 0.015595 0.042032
1 0.964425 0.187391 0.014620 0.035026
1 0.398635 0.209282 0.017544 0.036778
1 0.644737 0.206655 0.018519 0.042032
