1 0.017500 0.606516 0.018333 0.030075
1 0.047500 0.604010 0.018333 0.025063
1 0.117500 0.609023 0.015000 0.025063
1 0.090833 0.614035 0.011667 0.020050
1 0.102500 0.610276 0.011667 0.022556
1 0.155833 0.600251 0.011667 0.017544
1 0.173333 0.606516 0.013333 0.020050
1 0.187500 0.605263 0.015000 0.022556
1 0.187500 0.556391 0.011667 0.015038
1 0.205833 0.596491 0.011667 0.020050
1 0.223333 0.593985 0.013333 0.025063
1 0.238333 0.591479 0.013333 0.020050
1 0.258333 0.600251 0.013333 0.022556
1 0.269167 0.598997 0.011667 0.020050
1 0.292500 0.596491 0.011667 0.025063
1 0.011667 0.795739 0.020000 0.032581
1 0.034167 0.829574 0.018333 0.035088
1 0.048333 0.838346 0.020000 0.027569
1 0.119167 0.854637 0.025000 0.035088
1 0.167500 0.830827 0.025000 0.042607
1 0.158333 0.800752 0.023333 0.042607
1 0.130833 0.814536 0.028333 0.035088
1 0.200000 0.838346 0.033333 0.042607
1 0.218333 0.810777 0.020000 0.037594
1 0.365833 0.770677 0.021667 0.032581
1 0.406667 0.773183 0.016667 0.032581
1 0.402500 0.827068 0.025000 0.035088
1 0.371667 0.850877 0.023333 0.037594
1 0.305833 0.838346 0.021667 0.037594
1 0.340000 0.849624 0.030000 0.045113
1 0.265000 0.833333 0.030000 0.042607
1 0.456667 0.847118 0.033333 0.050125
1 0.455000 0.779449 0.020000 0.040100
1 0.497500 0.793233 0.018333 0.032581
1 0.521667 0.845865 0.033333 0.047619
1 0.557500 0.773183 0.021667 0.042607
1 0.585833 0.847118 0.028333 0.035088
1 0.600833 0.838346 0.018333 0.027569
1 0.631667 0.847118 0.026667 0.040100
1 0.657500 0.834586 0.018333 0.035088
1 0.684167 0.853383 0.025000 0.027569
1 0.689167 0.828321 0.018333 0.027569
1 0.712500 0.828321 0.018333 0.032581
1 0.748333 0.849624 0.023333 0.035088
1 0.767500 0.824561 0.021667 0.025063
1 0.787500 0.741855 0.018333 0.035088
1 0.827500 0.843358 0.018333 0.027569
1 0.862500 0.835840 0.015000 0.032581
1 0.827500 0.823308 0.018333 0.022556
1 0.934167 0.852130 0.028333 0.040100
1 0.881667 0.850877 0.030000 0.037594
1 0.932500 0.625313 0.015000 0.027569
1 0.912500 0.627820 0.015000 0.027569
1 0.894167 0.626566 0.015000 0.025063
1 0.887500 0.621554 0.015000 0.025063
1 0.868333 0.626566 0.016667 0.025063
1 0.855000 0.621554 0.013333 0.025063
1 0.821667 0.609023 0.013333 0.025063
1 0.833333 0.610276 0.013333 0.022556
1 0.806667 0.609023 0.013333 0.020050
1 0.779167 0.607769 0.011667 0.022556
1 0.770833 0.605263 0.008333 0.022556
1 0.763333 0.606516 0.010000 0.020050
