1 0.074557 0.233959 0.053180 0.114241
1 0.278415 0.211268 0.047967 0.093897
1 0.427529 0.218310 0.045881 0.098592
1 0.452555 0.261346 0.062565 0.118936
1 0.492179 0.245696 0.041710 0.084507
1 0.536496 0.199531 0.053180 0.089202
1 0.559958 0.242567 0.062565 0.103286
1 0.566736 0.333333 0.065693 0.118936
1 0.613139 0.240219 0.056309 0.095462
1 0.637122 0.309859 0.056309 0.112676
1 0.687174 0.284820 0.062565 0.125196
1 0.747654 0.235524 0.047967 0.117371
1 0.775287 0.338028 0.071950 0.128326
1 0.807612 0.409233 0.080292 0.117371
1 0.814911 0.484351 0.090719 0.123631
1 0.904067 0.484351 0.072993 0.126761
1 0.956204 0.465571 0.072993 0.126761
1 0.855057 0.359937 0.062565 0.115806
1 0.847237 0.279343 0.074035 0.126761
1 0.811783 0.227700 0.061522 0.111111
1 0.925965 0.290297 0.075078 0.139280
