1 0.017090 0.486184 0.032227 0.069737
1 0.054688 0.472368 0.037109 0.047368
1 0.109375 0.469737 0.066406 0.094737
1 0.179199 0.492105 0.049805 0.068421
1 0.236816 0.484211 0.040039 0.057895
1 0.271484 0.491447 0.031250 0.051316
1 0.320312 0.467763 0.085938 0.140789
1 0.416016 0.473026 0.041016 0.064474
1 0.452637 0.491447 0.034180 0.051316
1 0.501953 0.448026 0.029297 0.038158
1 0.536133 0.494737 0.027344 0.052632
1 0.552246 0.493421 0.026367 0.042105
1 0.647461 0.494737 0.072266 0.078947
1 0.590332 0.598684 0.051758 0.065789
1 0.706055 0.490132 0.033203 0.051316
1 0.740723 0.494737 0.028320 0.044737
1 0.819824 0.568421 0.088867 0.128947
1 0.804688 0.478289 0.041016 0.061842
1 0.866211 0.488816 0.062500 0.082895
1 0.924316 0.507237 0.047852 0.061842
1 0.979004 0.524342 0.041992 0.198684
