1 0.195736 0.476151 0.044574 0.083882
1 0.334787 0.260691 0.026163 0.041118
1 0.442829 0.271382 0.023256 0.039474
1 0.492248 0.330592 0.034884 0.062500
1 0.460271 0.194901 0.017442 0.037829
1 0.433140 0.213816 0.019380 0.032895
1 0.488372 0.180099 0.025194 0.034539
1 0.472868 0.148026 0.015504 0.026316
1 0.496124 0.139803 0.013566 0.029605
1 0.546027 0.134868 0.016473 0.029605
1 0.573643 0.143092 0.015504 0.026316
1 0.537306 0.210526 0.016473 0.032895
1 0.592054 0.156250 0.017442 0.029605
1 0.680233 0.246711 0.021318 0.042763
1 0.740795 0.259868 0.028101 0.049342
1 0.803295 0.269737 0.029070 0.052632
1 0.709787 0.148849 0.012597 0.031250
1 0.734496 0.155428 0.015504 0.034539
1 0.771802 0.113487 0.016473 0.029605
1 0.824128 0.128289 0.012597 0.029605
1 0.826550 0.169408 0.017442 0.036184
1 0.899225 0.212993 0.023256 0.041118
1 0.887112 0.490954 0.055233 0.120066
1 0.375000 0.260691 0.021318 0.041118
1 0.465601 0.231908 0.031977 0.052632
