1 0.116150 0.529595 0.046142 0.105919
1 0.262132 0.249221 0.015115 0.034268
1 0.275259 0.252336 0.012729 0.034268
1 0.299920 0.239097 0.017502 0.042056
1 0.335720 0.218847 0.017502 0.042056
1 0.322196 0.207944 0.014320 0.042056
1 0.359984 0.222741 0.016706 0.040498
1 0.371917 0.269470 0.018298 0.043614
1 0.443119 0.302960 0.022275 0.045171
1 0.483691 0.237539 0.020684 0.045171
1 0.435163 0.199377 0.020684 0.034268
1 0.418457 0.175234 0.014320 0.038941
1 0.377486 0.191589 0.015115 0.031153
1 0.402148 0.246106 0.019889 0.034268
1 0.482498 0.171340 0.015115 0.031153
1 0.466985 0.160436 0.014320 0.031153
1 0.501591 0.152648 0.011933 0.028037
1 0.534208 0.154206 0.013524 0.037383
1 0.529435 0.224299 0.015115 0.040498
1 0.585521 0.195483 0.012729 0.029595
1 0.562848 0.159657 0.015115 0.029595
1 0.560064 0.133178 0.014320 0.029595
1 0.583134 0.134735 0.014320 0.035826
1 0.601034 0.130062 0.015115 0.029595
1 0.613763 0.175234 0.010342 0.029595
1 0.622912 0.192368 0.014320 0.029595
1 0.624901 0.152648 0.015115 0.028037
1 0.635640 0.123053 0.012729 0.034268
1 0.653142 0.136293 0.014320 0.035826
1 0.658711 0.186916 0.015911 0.034268
1 0.696500 0.136293 0.013524 0.029595
1 0.686953 0.155763 0.013524 0.040498
1 0.719570 0.151090 0.013524 0.031153
1 0.660700 0.242212 0.019889 0.048287
1 0.620127 0.286604 0.021480 0.049844
1 0.560859 0.327103 0.022275 0.049844
1 0.608194 0.364486 0.021480 0.059190
1 0.662689 0.389408 0.027049 0.052960
1 0.733492 0.382399 0.025457 0.066978
1 0.711615 0.275701 0.019889 0.049844
1 0.715990 0.207944 0.014320 0.035826
1 0.749801 0.225078 0.013524 0.035826
1 0.768894 0.271807 0.013524 0.038941
1 0.800318 0.251558 0.015911 0.032710
1 0.759745 0.188474 0.014320 0.031153
1 0.743039 0.200156 0.012729 0.035826
1 0.784805 0.211838 0.013524 0.034268
1 0.785203 0.169782 0.014320 0.034268
1 0.813842 0.190810 0.012729 0.035826
1 0.834924 0.207944 0.015115 0.035826
1 0.820605 0.288162 0.018298 0.062305
1 0.817422 0.233645 0.013524 0.043614
1 0.791567 0.422897 0.025457 0.070093
1 0.877088 0.478193 0.032617 0.080997
1 0.887430 0.401869 0.018298 0.068536
1 0.957836 0.429907 0.022275 0.062305
1 0.922434 0.306075 0.016706 0.045171
1 0.891806 0.277259 0.015911 0.043614
1 0.859189 0.342679 0.017502 0.043614
1 0.869531 0.230530 0.012729 0.031153
1 0.883850 0.224299 0.011138 0.034268
1 0.901352 0.239097 0.012729 0.035826
1 0.908115 0.221184 0.015115 0.034268
1 0.939539 0.260125 0.011138 0.040498
1 0.952267 0.234424 0.012729 0.032710
1 0.981305 0.252336 0.010342 0.028037
1 0.979316 0.284268 0.012729 0.029595
1 0.976531 0.317757 0.013524 0.034268
1 0.980907 0.353583 0.017502 0.052960
1 0.954256 0.369159 0.019889 0.059190
