1 0.059167 0.601250 0.108333 0.212500
1 0.221667 0.680000 0.130000 0.215000
1 0.180000 0.476250 0.053333 0.092500
1 0.415000 0.451250 0.060000 0.112500
1 0.181667 0.540000 0.070000 0.085000
1 0.445833 0.621250 0.101667 0.177500
1 0.384167 0.843750 0.181667 0.277500
1 0.501667 0.258750 0.030000 0.067500
1 0.491667 0.455000 0.066667 0.120000
1 0.576667 0.446250 0.056667 0.117500
1 0.631667 0.426250 0.070000 0.122500
1 0.651667 0.657500 0.126667 0.185000
1 0.801667 0.712500 0.140000 0.240000
1 0.774167 0.485000 0.061667 0.090000
1 0.841667 0.472500 0.070000 0.130000
1 0.910833 0.456250 0.041667 0.077500
