1 0.058767 0.315517 0.025048 0.058621
1 0.271676 0.226724 0.017341 0.032759
1 0.330925 0.251724 0.018304 0.041379
1 0.381985 0.257759 0.026012 0.050000
1 0.418593 0.278448 0.024085 0.046552
1 0.407033 0.221552 0.018304 0.036207
1 0.394027 0.196552 0.015414 0.031034
1 0.372832 0.193103 0.015414 0.034483
1 0.391137 0.173276 0.013487 0.025862
1 0.409441 0.171552 0.017341 0.036207
1 0.444123 0.214655 0.017341 0.036207
1 0.441233 0.175862 0.013487 0.027586
1 0.439306 0.154310 0.013487 0.022414
1 0.468208 0.143103 0.013487 0.027586
1 0.481214 0.155172 0.012524 0.027586
1 0.480732 0.184483 0.015414 0.031034
1 0.463391 0.218966 0.019268 0.041379
1 0.512042 0.218966 0.018304 0.037931
1 0.523121 0.185345 0.017341 0.039655
1 0.497592 0.141379 0.012524 0.031034
1 0.526975 0.141379 0.011561 0.027586
1 0.539981 0.143103 0.010597 0.024138
1 0.544798 0.192241 0.018304 0.039655
1 0.539017 0.125000 0.008671 0.022414
1 0.551060 0.143103 0.009634 0.017241
1 0.567437 0.144828 0.011561 0.024138
1 0.580443 0.128448 0.008671 0.022414
1 0.589595 0.170690 0.017341 0.027586
1 0.595376 0.137069 0.011561 0.032759
1 0.605010 0.123276 0.009634 0.022414
1 0.612717 0.112069 0.011561 0.027586
1 0.627168 0.129310 0.013487 0.031034
1 0.618497 0.168966 0.015414 0.034483
1 0.641137 0.123276 0.014451 0.032759
1 0.657996 0.149138 0.015414 0.036207
1 0.656551 0.116379 0.012524 0.029310
1 0.660886 0.121552 0.011561 0.025862
1 0.685934 0.123276 0.013487 0.029310
1 0.694605 0.112069 0.011561 0.031034
1 0.710983 0.118103 0.011561 0.032759
1 0.570809 0.277586 0.026012 0.058621
1 0.583333 0.251724 0.026012 0.048276
1 0.634393 0.245690 0.022158 0.050000
1 0.618015 0.234483 0.016378 0.031034
1 0.661850 0.200862 0.017341 0.036207
1 0.680636 0.212069 0.022158 0.051724
1 0.675337 0.278448 0.026975 0.046552
1 0.707129 0.192241 0.017341 0.043103
1 0.734586 0.142241 0.012524 0.036207
1 0.749518 0.147414 0.009634 0.029310
1 0.757707 0.160345 0.016378 0.031034
1 0.742775 0.189655 0.015414 0.034483
1 0.759634 0.206034 0.018304 0.039655
1 0.765896 0.251724 0.017341 0.041379
1 0.774566 0.301724 0.030829 0.058621
1 0.735549 0.268103 0.022158 0.053448
1 0.731696 0.247414 0.022158 0.043103
1 0.827071 0.309483 0.026012 0.050000
1 0.792389 0.219828 0.018304 0.036207
1 0.842486 0.241379 0.016378 0.044828
1 0.868015 0.273276 0.026975 0.053448
1 0.909441 0.358621 0.026975 0.065517
1 0.922447 0.307759 0.016378 0.050000
1 0.895472 0.246552 0.018304 0.031034
1 0.921965 0.285345 0.019268 0.036207
1 0.933526 0.236207 0.017341 0.041379
1 0.949904 0.225000 0.009634 0.029310
1 0.948940 0.194828 0.011561 0.027586
1 0.950385 0.174138 0.016378 0.027586
1 0.914740 0.168103 0.014451 0.029310
1 0.907033 0.190517 0.014451 0.032759
1 0.846821 0.202586 0.021195 0.032759
1 0.811175 0.163793 0.017341 0.034483
1 0.802505 0.138793 0.015414 0.029310
1 0.778902 0.144828 0.016378 0.031034
1 0.823699 0.148276 0.011561 0.024138
1 0.840077 0.161207 0.013487 0.036207
1 0.856455 0.152586 0.011561 0.018966
1 0.879094 0.173276 0.014451 0.029310
1 0.893064 0.156034 0.011561 0.022414
1 0.860790 0.186207 0.014451 0.031034
