1 0.446138 0.253119 0.028455 0.053476
1 0.533028 0.206774 0.019309 0.035651
1 0.590955 0.178253 0.013211 0.028520
1 0.613821 0.207665 0.018293 0.040998
1 0.653455 0.263815 0.018293 0.046346
1 0.664126 0.229055 0.017276 0.037433
1 0.678354 0.210339 0.015244 0.028520
1 0.718496 0.214795 0.018293 0.037433
1 0.734756 0.214795 0.018293 0.030303
1 0.765244 0.238859 0.020325 0.039216
1 0.805894 0.259358 0.018293 0.037433
1 0.734756 0.280749 0.018293 0.044563
1 0.732215 0.347594 0.021341 0.060606
1 0.815549 0.388592 0.023374 0.060606
1 0.908028 0.456328 0.025407 0.060606
