1 0.871818 0.754864 0.041818 0.070039
1 0.870455 0.702335 0.035455 0.050584
1 0.769545 0.688067 0.037273 0.060960
1 0.709091 0.686770 0.032727 0.053178
1 0.626818 0.723735 0.030000 0.059663
1 0.592727 0.715953 0.041818 0.075227
1 0.547727 0.736706 0.030000 0.051881
1 0.529091 0.741894 0.032727 0.067445
1 0.476818 0.745785 0.033636 0.067445
1 0.491818 0.741245 0.027273 0.055772
1 0.418636 0.753567 0.039091 0.057069
1 0.436364 0.745785 0.025455 0.064851
1 0.368636 0.761997 0.035455 0.058366
1 0.368182 0.726978 0.036364 0.060960
1 0.331364 0.787289 0.024545 0.049287
1 0.284545 0.749027 0.036364 0.060960
1 0.301364 0.758106 0.030000 0.055772
1 0.239545 0.759403 0.037273 0.060960
1 0.204545 0.795720 0.043636 0.071336
1 0.156364 0.807393 0.030909 0.058366
1 0.096818 0.785344 0.037273 0.058366
1 0.120909 0.780156 0.025455 0.060960
1 0.076818 0.798962 0.031818 0.062257
1 0.034545 0.794423 0.040000 0.060960
