1 0.020168 0.437139 0.028571 0.059249
1 0.625630 0.208815 0.012605 0.021676
1 0.481513 0.244220 0.013445 0.028902
1 0.289916 0.310694 0.016807 0.034682
1 0.241597 0.343931 0.017647 0.037572
1 0.367647 0.298410 0.012605 0.033237
1 0.271849 0.356214 0.022689 0.041908
1 0.293277 0.368497 0.020168 0.043353
1 0.396639 0.269509 0.013445 0.036127
1 0.347899 0.368497 0.021849 0.049133
1 0.390756 0.354769 0.016807 0.039017
1 0.436134 0.264451 0.010084 0.020231
1 0.418067 0.353324 0.021008 0.041908
1 0.422689 0.307803 0.015126 0.034682
1 0.455462 0.313584 0.018487 0.040462
1 0.463866 0.346098 0.021849 0.036127
1 0.484454 0.311416 0.017647 0.036127
1 0.517227 0.271676 0.019328 0.034682
1 0.534034 0.255780 0.012605 0.028902
1 0.552101 0.258671 0.013445 0.031792
1 0.565966 0.234827 0.014286 0.027457
1 0.588235 0.236272 0.016807 0.033237
1 0.576471 0.290462 0.015126 0.031792
1 0.534454 0.320087 0.013445 0.030347
1 0.621849 0.259393 0.011765 0.033237
1 0.646218 0.226879 0.015126 0.034682
1 0.659664 0.250723 0.018487 0.044798
1 0.675630 0.223266 0.010084 0.018786
1 0.686975 0.230491 0.014286 0.024566
1 0.701681 0.244220 0.015126 0.031792
1 0.720168 0.260116 0.016807 0.034682
1 0.689916 0.272399 0.025210 0.033237
1 0.651681 0.304191 0.021008 0.036127
1 0.606723 0.338150 0.023529 0.040462
1 0.760504 0.229046 0.013445 0.030347
1 0.801681 0.237717 0.013445 0.036127
1 0.828992 0.248555 0.014286 0.026012
1 0.512185 0.404624 0.022689 0.049133
1 0.552941 0.372110 0.023529 0.056358
1 0.555042 0.411850 0.024370 0.049133
1 0.621849 0.433526 0.028571 0.052023
1 0.626050 0.385116 0.030252 0.050578
1 0.665966 0.335983 0.017647 0.041908
1 0.682773 0.375723 0.027731 0.049133
1 0.680672 0.452312 0.030252 0.057803
1 0.698319 0.317919 0.025210 0.040462
1 0.707563 0.360549 0.021849 0.033237
1 0.740336 0.299133 0.016807 0.037572
1 0.765126 0.274566 0.015966 0.031792
1 0.784034 0.288295 0.013445 0.027457
1 0.760084 0.403902 0.029412 0.050578
1 0.733193 0.512283 0.039496 0.099711
1 0.852101 0.526734 0.030252 0.062139
1 0.810924 0.414740 0.025210 0.043353
1 0.867647 0.259393 0.017647 0.030347
1 0.879832 0.274566 0.016807 0.040462
1 0.895378 0.257948 0.012605 0.024566
1 0.833193 0.307803 0.014286 0.034682
1 0.868908 0.315751 0.015126 0.033237
1 0.895798 0.369220 0.026891 0.050578
1 0.901261 0.323699 0.015966 0.040462
1 0.914706 0.296965 0.014286 0.039017
1 0.939916 0.406792 0.026050 0.044798
1 0.864286 0.445809 0.034454 0.044798
1 0.828992 0.382948 0.015966 0.037572
1 0.931092 0.468931 0.031933 0.053468
1 0.948319 0.358382 0.017647 0.037572
1 0.958824 0.290462 0.015126 0.034682
1 0.473529 0.252168 0.015966 0.033237
1 0.637815 0.270954 0.015126 0.039017
1 0.618908 0.229769 0.012605 0.034682
1 0.638235 0.229769 0.009244 0.031792
1 0.958824 0.304191 0.013445 0.033237
1 0.882773 0.423410 0.017647 0.049133
