1 0.116387 0.540890 0.037815 0.074605
1 0.218487 0.331420 0.016807 0.031564
1 0.246639 0.335725 0.017647 0.037303
1 0.273109 0.361549 0.016807 0.034433
1 0.323950 0.355811 0.021008 0.034433
1 0.275630 0.300574 0.015126 0.035868
1 0.342017 0.317791 0.013445 0.030129
1 0.345378 0.283357 0.015126 0.030129
1 0.377311 0.322812 0.011765 0.031564
1 0.400000 0.321377 0.016807 0.031564
1 0.436975 0.324247 0.016807 0.037303
1 0.397899 0.291248 0.014286 0.028694
1 0.387815 0.249641 0.014286 0.025825
1 0.403361 0.266141 0.011765 0.024390
1 0.416387 0.251793 0.010924 0.021521
1 0.437395 0.252511 0.010924 0.025825
1 0.464706 0.296270 0.013445 0.027260
1 0.496639 0.314921 0.015126 0.030129
1 0.452941 0.238881 0.011765 0.021521
1 0.482773 0.256098 0.014286 0.027260
1 0.497479 0.250359 0.011765 0.021521
1 0.514286 0.262554 0.013445 0.031564
1 0.550000 0.273314 0.012605 0.027260
1 0.424370 0.299139 0.015126 0.032999
1 0.461765 0.225251 0.010924 0.022956
1 0.515126 0.229555 0.011765 0.028694
1 0.536555 0.237446 0.012605 0.027260
1 0.566387 0.258250 0.013445 0.031564
1 0.560924 0.207317 0.009244 0.021521
1 0.567227 0.223099 0.011765 0.024390
1 0.579412 0.235294 0.010924 0.020086
1 0.592017 0.246055 0.014286 0.024390
1 0.644958 0.234577 0.010924 0.021521
1 0.669328 0.220947 0.009244 0.020086
1 0.683193 0.216643 0.011765 0.025825
1 0.665966 0.200143 0.010924 0.021521
1 0.634034 0.219512 0.012605 0.025825
1 0.623109 0.210904 0.012605 0.022956
1 0.601681 0.210904 0.011765 0.028694
1 0.602521 0.195839 0.011765 0.024390
1 0.479832 0.367288 0.025210 0.051650
1 0.541176 0.393831 0.026891 0.050215
1 0.533613 0.355093 0.026891 0.044476
1 0.590756 0.357245 0.021849 0.048780
1 0.605462 0.417504 0.024370 0.060258
1 0.629412 0.456241 0.030252 0.060258
1 0.702101 0.528694 0.031092 0.070301
1 0.832773 0.506456 0.030252 0.065997
1 0.595798 0.316356 0.021849 0.041607
1 0.642857 0.327834 0.023529 0.044476
1 0.628151 0.295552 0.019328 0.040172
1 0.665546 0.270445 0.018487 0.038737
1 0.689076 0.289813 0.015126 0.037303
1 0.710924 0.283357 0.015126 0.038737
1 0.705042 0.240316 0.015126 0.038737
1 0.729832 0.248207 0.015966 0.034433
1 0.731933 0.228121 0.013445 0.034433
1 0.748319 0.219512 0.014286 0.031564
1 0.759244 0.254663 0.012605 0.030129
1 0.777311 0.273314 0.015126 0.030129
1 0.785294 0.253945 0.012605 0.025825
1 0.780252 0.227403 0.015966 0.032999
1 0.662605 0.373745 0.024370 0.053085
1 0.686555 0.354376 0.021849 0.048780
1 0.725210 0.393113 0.025210 0.051650
1 0.786555 0.416786 0.026891 0.055954
1 0.848739 0.449785 0.030252 0.061693
1 0.924370 0.456241 0.026891 0.054519
1 0.918067 0.386657 0.022689 0.044476
1 0.861765 0.370875 0.021008 0.053085
1 0.813866 0.348637 0.022689 0.043042
1 0.815966 0.289813 0.016807 0.031564
1 0.811345 0.236011 0.014286 0.030129
1 0.844118 0.246772 0.010924 0.022956
1 0.850000 0.265423 0.012605 0.025825
1 0.844958 0.296987 0.014286 0.037303
1 0.871429 0.327116 0.016807 0.031564
1 0.871849 0.245337 0.014286 0.031564
1 0.896218 0.268293 0.012605 0.028694
1 0.892857 0.310617 0.014286 0.032999
1 0.933613 0.345768 0.016807 0.040172
1 0.915126 0.300574 0.013445 0.032999
1 0.936555 0.299857 0.014286 0.025825
1 0.937815 0.258250 0.013445 0.031564
