1 0.282500 0.253138 0.032500 0.075314
1 0.366250 0.263598 0.035000 0.066946
1 0.112500 0.419456 0.060000 0.098326
1 0.139375 0.476987 0.058750 0.112971
1 0.246250 0.483264 0.082500 0.133891
1 0.317500 0.482218 0.062500 0.098326
1 0.361250 0.616109 0.107500 0.190377
1 0.401250 0.449791 0.047500 0.087866
1 0.472500 0.532427 0.057500 0.135983
1 0.471250 0.481172 0.050000 0.092050
1 0.523125 0.444561 0.048750 0.085774
1 0.611875 0.519874 0.071250 0.115063
1 0.595000 0.470711 0.060000 0.087866
1 0.618750 0.426778 0.045000 0.075314
1 0.683125 0.442469 0.031250 0.069038
1 0.686875 0.601464 0.093750 0.165272
1 0.766250 0.523013 0.070000 0.125523
1 0.834375 0.468619 0.031250 0.066946
1 0.860000 0.500000 0.047500 0.104603
1 0.908125 0.543933 0.083750 0.163180
1 0.911250 0.448745 0.035000 0.069038
1 0.969375 0.501046 0.048750 0.098326
1 0.988750 0.443515 0.022500 0.046025
