1 0.066330 0.555163 0.054228 0.094022
1 0.155790 0.573641 0.045037 0.076630
1 0.106005 0.507065 0.041667 0.071739
1 0.062500 0.454891 0.035539 0.064130
1 0.015778 0.493478 0.027267 0.064130
1 0.048100 0.423098 0.030637 0.049457
1 0.026961 0.401902 0.026961 0.057065
1 0.009957 0.361141 0.019301 0.051630
1 0.012255 0.284783 0.010417 0.017391
1 0.016085 0.298913 0.012561 0.026087
1 0.032169 0.301902 0.011029 0.022283
1 0.043658 0.310598 0.016238 0.024457
1 0.057904 0.325815 0.019608 0.030978
1 0.090686 0.355163 0.020833 0.032065
1 0.126532 0.360598 0.021446 0.038587
1 0.159007 0.377174 0.020833 0.036957
1 0.181219 0.392663 0.023591 0.038587
1 0.202819 0.394565 0.015319 0.034783
1 0.227175 0.425272 0.023591 0.044022
1 0.258119 0.426630 0.022978 0.039130
1 0.327819 0.482880 0.030025 0.058152
1 0.373468 0.471196 0.034926 0.061957
1 0.401348 0.475000 0.030637 0.046739
1 0.460325 0.497554 0.023591 0.058152
1 0.488971 0.512500 0.026348 0.047826
1 0.517616 0.504076 0.027880 0.058152
1 0.474571 0.467391 0.020221 0.034783
1 0.498775 0.465489 0.015319 0.040761
1 0.526501 0.472554 0.016850 0.032065
1 0.440257 0.446467 0.023897 0.034239
1 0.398438 0.426087 0.021140 0.038043
1 0.373468 0.412500 0.019608 0.038043
1 0.353554 0.403261 0.021446 0.027174
1 0.340993 0.444022 0.017157 0.039130
1 0.304075 0.452446 0.024203 0.039674
1 0.304075 0.409511 0.017463 0.029891
1 0.285692 0.407065 0.016850 0.027174
1 0.666973 0.537228 0.031250 0.060326
1 0.720435 0.513859 0.027267 0.050543
1 0.703431 0.511957 0.016544 0.042391
1 0.761489 0.518750 0.022978 0.042935
1 0.782475 0.511413 0.015931 0.038043
1 0.791820 0.489130 0.012561 0.035870
1 0.808517 0.523098 0.020833 0.039674
1 0.853707 0.534239 0.018076 0.034783
1 0.834712 0.514402 0.016238 0.034239
1 0.901808 0.516033 0.013787 0.030978
1 0.919271 0.511957 0.012561 0.029348
1 0.929688 0.501359 0.011336 0.023370
1 0.940104 0.520652 0.013787 0.025000
1 0.948989 0.495924 0.013174 0.020109
1 0.972426 0.520652 0.015931 0.029348
1 0.065257 0.298913 0.010417 0.018478
1 0.042279 0.290217 0.015931 0.020652
1 0.079197 0.322283 0.017463 0.028261
1 0.107384 0.329348 0.016850 0.027174
1 0.138787 0.335326 0.011029 0.027174
1 0.127298 0.325272 0.013174 0.029891
1 0.144301 0.318750 0.011029 0.023370
1 0.170496 0.321196 0.011949 0.026087
1 0.197917 0.342120 0.015319 0.025543
1 0.184283 0.335870 0.013174 0.020652
1 0.246324 0.376087 0.017157 0.029348
1 0.230699 0.349457 0.011029 0.020652
1 0.278952 0.367935 0.013174 0.020652
1 0.287684 0.361413 0.014093 0.027174
1 0.293964 0.353804 0.011336 0.019565
1 0.273131 0.345380 0.013787 0.022283
1 0.258885 0.363587 0.014706 0.025000
1 0.241422 0.324185 0.014706 0.020109
1 0.565717 0.513859 0.023591 0.048370
1 0.611826 0.520109 0.023284 0.046739
1 0.647518 0.520924 0.016238 0.040761
1 0.692402 0.481250 0.020221 0.037500
1 0.678462 0.504076 0.016850 0.037500
1 0.670650 0.477174 0.018995 0.031522
1 0.642616 0.479620 0.017463 0.035326
1 0.628064 0.477989 0.014093 0.033152
1 0.610600 0.477446 0.020221 0.033152
1 0.586244 0.477989 0.016238 0.036413
1 0.573529 0.483424 0.019608 0.039674
1 0.566023 0.456793 0.017463 0.027717
1 0.585478 0.452446 0.015931 0.025543
1 0.609222 0.448641 0.012561 0.023370
1 0.627298 0.445924 0.015012 0.029891
1 0.649510 0.466576 0.012868 0.029891
1 0.696844 0.455707 0.013174 0.028804
1 0.717065 0.463043 0.015625 0.032609
1 0.723039 0.438315 0.011029 0.021196
1 0.754136 0.473098 0.014400 0.029891
1 0.738205 0.467663 0.010723 0.026630
1 0.767157 0.462772 0.011029 0.024457
1 0.778952 0.443478 0.009498 0.020652
1 0.790288 0.455707 0.010723 0.024457
1 0.861060 0.515217 0.012561 0.028261
1 0.867034 0.499185 0.012868 0.024457
1 0.878523 0.496196 0.014400 0.028261
1 0.851103 0.477989 0.013480 0.025543
1 0.818474 0.483967 0.015012 0.030978
1 0.647825 0.435870 0.013174 0.020652
1 0.706495 0.430978 0.011642 0.017391
1 0.696232 0.432065 0.010110 0.017391
1 0.810202 0.466576 0.011336 0.021196
1 0.827665 0.477989 0.008885 0.022283
1 0.744792 0.496467 0.015931 0.032065
1 0.446844 0.408696 0.017463 0.034783
1 0.458640 0.440761 0.014093 0.028261
1 0.481464 0.452989 0.019914 0.037500
1 0.494638 0.430978 0.018689 0.031522
1 0.487592 0.414946 0.018076 0.030978
1 0.532169 0.447011 0.016544 0.027717
1 0.542739 0.426902 0.010723 0.026630
1 0.557138 0.432337 0.011949 0.021196
1 0.569547 0.430435 0.011029 0.023913
1 0.585018 0.429891 0.013174 0.021739
1 0.585172 0.411141 0.011029 0.017935
1 0.597886 0.404891 0.008885 0.020652
1 0.587776 0.394293 0.007047 0.016848
1 0.579963 0.399457 0.006127 0.018478
1 0.628370 0.402717 0.008578 0.011957
1 0.643536 0.417935 0.008272 0.018478
1 0.565564 0.413043 0.009804 0.020652
1 0.562040 0.394293 0.008885 0.020109
1 0.547488 0.411957 0.007966 0.016304
1 0.521752 0.435870 0.015931 0.029348
1 0.513634 0.404348 0.014400 0.021739
1 0.519148 0.386141 0.008885 0.017935
1 0.508119 0.380435 0.007659 0.014130
1 0.476256 0.414674 0.011336 0.026087
1 0.467831 0.394565 0.009804 0.020652
1 0.477328 0.382609 0.006740 0.018478
1 0.486366 0.377174 0.007659 0.015217
1 0.495098 0.386141 0.007353 0.016848
1 0.458027 0.344837 0.008578 0.016848
1 0.446844 0.385326 0.010110 0.017391
1 0.456495 0.393478 0.009804 0.017391
1 0.423713 0.379891 0.009191 0.019565
1 0.434130 0.386957 0.012255 0.022826
1 0.427543 0.415217 0.011949 0.027174
1 0.413297 0.417120 0.013480 0.029891
1 0.413909 0.394022 0.011029 0.020652
1 0.403033 0.378804 0.008885 0.018478
1 0.409161 0.369293 0.008885 0.015761
1 0.415594 0.364946 0.005821 0.017935
1 0.387408 0.396467 0.013174 0.029891
1 0.378676 0.377174 0.011642 0.019565
1 0.393995 0.369565 0.011642 0.020652
1 0.369485 0.350272 0.009804 0.013587
1 0.364124 0.388859 0.011949 0.027717
1 0.360907 0.368750 0.011642 0.023370
1 0.343903 0.379620 0.013787 0.017935
1 0.352635 0.361685 0.007966 0.020109
1 0.353707 0.345924 0.010110 0.020109
1 0.531710 0.402989 0.008272 0.017935
1 0.545956 0.390217 0.007353 0.016304
1 0.230699 0.394565 0.018995 0.034783
1 0.214614 0.383424 0.015625 0.034239
1 0.219516 0.358696 0.012561 0.023913
1 0.223346 0.333424 0.009191 0.019022
1 0.208027 0.326359 0.012868 0.023370
1 0.662990 0.430978 0.009804 0.021739
1 0.675551 0.428533 0.009804 0.021196
