1 0.261216 0.376114 0.043868 0.099822
1 0.283151 0.227273 0.017946 0.040998
1 0.309073 0.234403 0.019940 0.040998
1 0.312562 0.219251 0.018943 0.032086
1 0.360419 0.265597 0.024925 0.042781
1 0.367398 0.225490 0.020937 0.040998
1 0.370389 0.186275 0.018943 0.037433
1 0.402792 0.227273 0.019940 0.040998
1 0.413759 0.212121 0.015952 0.032086
1 0.412263 0.254902 0.024925 0.046346
1 0.466600 0.210339 0.019940 0.046346
1 0.475075 0.189840 0.018943 0.037433
1 0.461117 0.156863 0.014955 0.035651
1 0.460120 0.144385 0.016949 0.024955
1 0.422732 0.155080 0.017946 0.028520
1 0.479063 0.131907 0.010967 0.028520
1 0.490030 0.135472 0.014955 0.024955
1 0.493519 0.162210 0.015952 0.032086
1 0.522433 0.166667 0.017946 0.040998
1 0.502493 0.125668 0.013958 0.030303
1 0.517946 0.133690 0.012961 0.028520
1 0.530409 0.136364 0.013958 0.026738
1 0.553838 0.134581 0.010967 0.026738
1 0.564307 0.180036 0.023928 0.049911
1 0.578764 0.139929 0.018943 0.033868
1 0.587737 0.121212 0.014955 0.021390
1 0.601196 0.149733 0.019940 0.035651
1 0.636590 0.156863 0.016949 0.028520
1 0.632104 0.132799 0.017946 0.030303
1 0.617647 0.112299 0.010967 0.032086
1 0.604187 0.069519 0.013958 0.028520
1 0.639083 0.061497 0.013958 0.026738
1 0.666999 0.064171 0.011964 0.028520
1 0.681456 0.060606 0.010967 0.032086
1 0.648056 0.120321 0.013958 0.030303
1 0.594716 0.215686 0.024925 0.046346
1 0.621137 0.264706 0.027916 0.048128
1 0.625623 0.207665 0.024925 0.048128
1 0.667996 0.229055 0.021934 0.051693
1 0.700897 0.174688 0.017946 0.039216
1 0.719342 0.180036 0.022931 0.049911
1 0.739282 0.173797 0.016949 0.048128
1 0.732802 0.141711 0.013958 0.026738
1 0.742772 0.233512 0.023928 0.049911
1 0.768694 0.238859 0.025922 0.049911
1 0.778166 0.309269 0.028913 0.065954
1 0.914756 0.332442 0.024925 0.058824
1 0.799103 0.201426 0.020937 0.046346
1 0.765204 0.190731 0.016949 0.046346
1 0.751745 0.122995 0.015952 0.032086
1 0.767697 0.119430 0.015952 0.032086
1 0.784148 0.134581 0.016949 0.040998
1 0.793619 0.160428 0.013958 0.032086
1 0.807079 0.128342 0.014955 0.035651
1 0.823529 0.133690 0.013958 0.032086
1 0.829013 0.176471 0.020937 0.039216
1 0.842473 0.145276 0.013958 0.033868
1 0.854437 0.139929 0.011964 0.033868
1 0.867398 0.170232 0.015952 0.040998
1 0.857428 0.208556 0.017946 0.046346
1 0.843968 0.231729 0.016949 0.057041
1 0.888335 0.233512 0.019940 0.042781
1 0.896311 0.206774 0.013958 0.039216
1 0.880857 0.161319 0.012961 0.037433
1 0.901296 0.174688 0.013958 0.035651
1 0.911266 0.180036 0.013958 0.035651
1 0.918744 0.152406 0.014955 0.037433
1 0.933200 0.202317 0.017946 0.037433
1 0.940179 0.173797 0.011964 0.030303
1 0.923729 0.256684 0.022931 0.049911
1 0.920239 0.206774 0.017946 0.042781
