1 0.040769 0.365894 0.019681 0.036424
1 0.257732 0.248344 0.014995 0.029801
1 0.271790 0.256623 0.014995 0.029801
1 0.322399 0.209437 0.011246 0.024834
1 0.338332 0.207781 0.013121 0.028146
1 0.359888 0.192053 0.013121 0.023179
1 0.378163 0.189570 0.012184 0.028146
1 0.395970 0.214404 0.014058 0.031457
1 0.415183 0.183775 0.011246 0.029801
1 0.444705 0.189570 0.012184 0.021523
1 0.447516 0.227649 0.014058 0.028146
1 0.463449 0.229305 0.014058 0.038079
1 0.478913 0.192053 0.014995 0.023179
1 0.319119 0.243377 0.010309 0.023179
1 0.331771 0.248344 0.011246 0.033113
1 0.346298 0.257450 0.015933 0.038079
1 0.387067 0.252483 0.011246 0.034768
1 0.403468 0.264073 0.017807 0.038079
1 0.492502 0.286424 0.021556 0.039735
1 0.576851 0.287252 0.017807 0.041391
1 0.551546 0.246689 0.021556 0.043046
1 0.507966 0.187086 0.014995 0.029801
1 0.533739 0.188742 0.015933 0.029801
1 0.470009 0.161424 0.012184 0.021523
1 0.478913 0.132450 0.009372 0.016556
1 0.508435 0.159768 0.015933 0.021523
1 0.546392 0.161424 0.013121 0.031457
1 0.572634 0.168874 0.013121 0.026490
1 0.559981 0.149834 0.010309 0.021523
1 0.563730 0.119205 0.012184 0.026490
1 0.585286 0.145695 0.012184 0.019868
1 0.600750 0.130795 0.009372 0.023179
1 0.615745 0.141556 0.011246 0.028146
1 0.633552 0.131623 0.011246 0.018212
1 0.612933 0.208609 0.018744 0.023179
1 0.601218 0.259934 0.017807 0.033113
1 0.624649 0.301325 0.027179 0.043046
1 0.669634 0.250828 0.019681 0.041391
1 0.645267 0.205298 0.019681 0.039735
1 0.676664 0.144868 0.014995 0.024834
1 0.671509 0.110099 0.012184 0.021523
1 0.700094 0.144868 0.011246 0.018212
1 0.694939 0.178808 0.012184 0.033113
1 0.711809 0.165563 0.012184 0.026490
1 0.728679 0.198675 0.014058 0.029801
1 0.701031 0.226821 0.016870 0.033113
1 0.707591 0.293046 0.020619 0.033113
1 0.765230 0.264901 0.017807 0.039735
1 0.749766 0.233444 0.013121 0.036424
1 0.763355 0.201987 0.019681 0.039735
1 0.758201 0.156457 0.013121 0.024834
1 0.772727 0.136589 0.012184 0.024834
1 0.755858 0.125000 0.012184 0.024834
1 0.729616 0.115894 0.014058 0.023179
1 0.790534 0.162252 0.015933 0.033113
1 0.828022 0.150662 0.012184 0.026490
1 0.840206 0.151490 0.012184 0.028146
1 0.879569 0.169702 0.014058 0.028146
1 0.886598 0.207781 0.013121 0.034768
1 0.901593 0.217715 0.013121 0.031457
1 0.910497 0.254139 0.014058 0.038079
1 0.831303 0.209437 0.016870 0.038079
1 0.843955 0.312086 0.021556 0.041391
1 0.839269 0.270695 0.021556 0.034768
1 0.589972 0.119205 0.008435 0.013245
1 0.638238 0.112583 0.011246 0.016556
