1 0.106675 0.707143 0.094160 0.150000
1 0.278308 0.670536 0.051251 0.076786
1 0.148987 0.740179 0.054827 0.112500
1 0.355781 0.751786 0.082241 0.128571
1 0.405840 0.636607 0.046484 0.080357
1 0.471990 0.651786 0.059595 0.082143
1 0.455304 0.504464 0.038141 0.069643
1 0.571514 0.658929 0.051251 0.085714
1 0.576877 0.802679 0.116806 0.187500
1 0.398093 0.905357 0.147795 0.135714
1 0.640644 0.708929 0.072706 0.117857
1 0.588200 0.628571 0.039333 0.064286
1 0.658522 0.615179 0.048868 0.080357
1 0.718713 0.624107 0.050060 0.080357
1 0.767580 0.680357 0.064362 0.096429
1 0.755662 0.613393 0.033373 0.051786
1 0.794994 0.612500 0.042908 0.071429
1 0.812277 0.564286 0.036949 0.053571
1 0.909416 0.584821 0.038141 0.062500
1 0.923719 0.641964 0.038141 0.076786
1 0.958284 0.627679 0.047676 0.141071
