1 0.154348 0.706963 0.152174 0.206963
1 0.294203 0.589942 0.081159 0.127660
1 0.535507 0.736944 0.163768 0.243714
1 0.644928 0.569632 0.142029 0.214700
1 0.248551 0.369439 0.053623 0.088975
1 0.290580 0.345261 0.027536 0.040619
1 0.313043 0.440039 0.034783 0.067698
1 0.342754 0.438104 0.036232 0.056093
1 0.390580 0.443907 0.042029 0.056093
1 0.372464 0.414894 0.034783 0.048356
1 0.421739 0.415861 0.023188 0.046422
1 0.442029 0.401354 0.023188 0.044487
1 0.506522 0.411025 0.030435 0.048356
1 0.525362 0.354932 0.027536 0.040619
1 0.534783 0.415861 0.028986 0.042553
1 0.565217 0.352031 0.026087 0.038685
1 0.592029 0.334623 0.033333 0.046422
1 0.636232 0.385880 0.034783 0.048356
1 0.635507 0.425532 0.044928 0.050290
1 0.733333 0.364603 0.043478 0.067698
1 0.839855 0.460348 0.059420 0.085106
1 0.910145 0.461315 0.049275 0.087041
1 0.869565 0.392650 0.026087 0.046422
1 0.807246 0.393617 0.040580 0.063830
