1 0.233586 0.739051 0.078283 0.142336
1 0.313131 0.576642 0.070707 0.109489
1 0.337121 0.492701 0.042929 0.072993
1 0.416667 0.686131 0.075758 0.153285
1 0.439394 0.574818 0.055556 0.098540
1 0.469697 0.489051 0.050505 0.094891
1 0.560606 0.474453 0.045455 0.072993
1 0.597222 0.587591 0.058081 0.109489
1 0.662879 0.673358 0.073232 0.127737
1 0.733586 0.569343 0.068182 0.124088
1 0.845960 0.718978 0.095960 0.153285
1 0.071970 0.479927 0.047980 0.076642
1 0.030303 0.425182 0.035354 0.054745
1 0.089646 0.392336 0.027778 0.040146
1 0.079545 0.368613 0.032828 0.043796
1 0.132576 0.441606 0.042929 0.072993
1 0.128788 0.370438 0.025253 0.047445
1 0.170455 0.383212 0.032828 0.058394
1 0.190657 0.344891 0.022727 0.040146
1 0.209596 0.416058 0.030303 0.051095
1 0.236111 0.397810 0.022727 0.043796
1 0.261364 0.363139 0.022727 0.047445
1 0.282828 0.363139 0.025253 0.047445
1 0.314394 0.355839 0.022727 0.040146
1 0.369949 0.450730 0.037879 0.069343
1 0.385101 0.390511 0.027778 0.043796
1 0.415404 0.381387 0.032828 0.054745
1 0.439394 0.335766 0.030303 0.043796
1 0.474747 0.352190 0.025253 0.040146
1 0.484848 0.386861 0.030303 0.051095
1 0.459596 0.406934 0.030303 0.040146
1 0.515152 0.337591 0.025253 0.047445
1 0.541667 0.388686 0.027778 0.047445
1 0.561869 0.379562 0.022727 0.043796
1 0.570707 0.352190 0.020202 0.040146
1 0.593434 0.428832 0.030303 0.054745
1 0.635101 0.465328 0.047980 0.083942
1 0.635101 0.406934 0.027778 0.040146
1 0.617424 0.368613 0.027778 0.051095
1 0.700758 0.427007 0.037879 0.065693
1 0.787879 0.425182 0.050505 0.076642
1 0.797980 0.383212 0.035354 0.058394
1 0.708333 0.377737 0.032828 0.054745
1 0.876263 0.518248 0.050505 0.102190
1 0.958333 0.585766 0.063131 0.113139
1 0.934343 0.498175 0.055556 0.083942
1 0.893939 0.428832 0.040404 0.091241
