1 0.170378 0.497427 0.052275 0.099485
1 0.275411 0.266724 0.020329 0.039451
1 0.344143 0.247856 0.020329 0.036021
1 0.375605 0.265866 0.023233 0.044597
1 0.352372 0.201544 0.017425 0.036021
1 0.379477 0.201544 0.017425 0.039451
1 0.395450 0.219554 0.018393 0.037736
1 0.428364 0.225557 0.024201 0.049743
1 0.404647 0.181818 0.017425 0.030875
1 0.446757 0.188679 0.018393 0.037736
1 0.461278 0.181818 0.016457 0.037736
1 0.488383 0.181818 0.018393 0.041166
1 0.465634 0.155232 0.017425 0.029160
1 0.444337 0.151801 0.015489 0.032590
1 0.537270 0.197256 0.021297 0.041166
1 0.555663 0.186964 0.015489 0.037736
1 0.502420 0.126930 0.011617 0.024014
1 0.524685 0.127787 0.017425 0.032590
1 0.559535 0.106346 0.017425 0.027444
1 0.560019 0.137221 0.014521 0.027444
1 0.576476 0.142367 0.014521 0.034305
1 0.579380 0.121784 0.016457 0.030875
1 0.607938 0.151801 0.017425 0.036021
1 0.643756 0.141509 0.015489 0.029160
1 0.656341 0.169811 0.019361 0.041166
1 0.641336 0.159520 0.016457 0.027444
1 0.550339 0.262436 0.024201 0.048027
1 0.529042 0.331046 0.033882 0.068611
1 0.479671 0.313894 0.035818 0.065180
1 0.601162 0.268439 0.029042 0.046312
1 0.652469 0.212693 0.019361 0.044597
1 0.696999 0.169811 0.017425 0.044597
1 0.722168 0.182676 0.023233 0.053173
1 0.697483 0.282161 0.028074 0.063465
1 0.665053 0.349914 0.032914 0.075472
1 0.747822 0.337907 0.031946 0.078902
1 0.787512 0.404803 0.037754 0.089194
1 0.739109 0.228988 0.022265 0.053173
1 0.771539 0.204974 0.023233 0.042882
1 0.786060 0.274443 0.025169 0.054889
1 0.802517 0.243568 0.021297 0.048027
1 0.829622 0.314751 0.029042 0.070326
1 0.857212 0.262436 0.022265 0.051458
1 0.887222 0.409949 0.041626 0.089194
1 0.900774 0.321612 0.028074 0.060034
1 0.908519 0.278731 0.020329 0.053173
1 0.788964 0.133791 0.013553 0.034305
1 0.824298 0.142367 0.014521 0.034305
1 0.834947 0.130360 0.012585 0.030875
1 0.852856 0.154374 0.015489 0.034305
1 0.861084 0.130360 0.010649 0.027444
1 0.895450 0.144940 0.015489 0.029160
1 0.922072 0.156947 0.014521 0.029160
