1 0.082000 0.274775 0.060000 0.105105
1 0.198000 0.310811 0.060000 0.111111
1 0.234000 0.367868 0.076000 0.129129
1 0.328000 0.316817 0.064000 0.105105
1 0.415000 0.430931 0.074000 0.117117
1 0.416000 0.324324 0.060000 0.108108
1 0.511000 0.328829 0.070000 0.117117
1 0.557000 0.438438 0.070000 0.120120
1 0.589000 0.307808 0.050000 0.105105
1 0.674000 0.322823 0.056000 0.105105
1 0.722000 0.501502 0.068000 0.120120
1 0.868000 0.450450 0.080000 0.144144
1 0.791000 0.331832 0.058000 0.105105
1 0.900000 0.294294 0.064000 0.120120
