1 0.432459 0.127846 0.013605 0.028021
1 0.527697 0.190018 0.019436 0.036778
1 0.526725 0.281961 0.021380 0.052539
1 0.619048 0.204028 0.017493 0.043783
1 0.675899 0.131349 0.018465 0.035026
1 0.735666 0.148862 0.015549 0.035026
1 0.669096 0.247811 0.022352 0.047285
1 0.738581 0.283713 0.027211 0.056042
1 0.743440 0.327496 0.029155 0.056042
1 0.775024 0.240806 0.020408 0.057793
1 0.812925 0.251313 0.020408 0.054291
1 0.844509 0.256567 0.023324 0.047285
1 0.804179 0.389667 0.024295 0.068301
1 0.901846 0.424694 0.025267 0.061296
