1 0.197115 0.403458 0.101923 0.167147
1 0.079808 0.158501 0.025000 0.040346
1 0.116346 0.151297 0.025000 0.043228
1 0.150000 0.184438 0.030769 0.046110
1 0.161538 0.158501 0.026923 0.046110
1 0.207692 0.167147 0.026923 0.040346
1 0.224038 0.161383 0.021154 0.046110
1 0.270192 0.206052 0.036538 0.060519
1 0.267308 0.165706 0.026923 0.031700
1 0.277885 0.157061 0.028846 0.043228
1 0.341346 0.191643 0.040385 0.066282
1 0.357692 0.185879 0.026923 0.054755
1 0.360577 0.145533 0.021154 0.037464
1 0.392308 0.142651 0.019231 0.031700
1 0.413462 0.161383 0.019231 0.034582
1 0.408654 0.185879 0.021154 0.037464
1 0.436538 0.253602 0.053846 0.086455
1 0.439423 0.177233 0.036538 0.054755
1 0.443269 0.144092 0.021154 0.034582
1 0.474038 0.162824 0.021154 0.048991
1 0.517308 0.242075 0.050000 0.074928
1 0.521154 0.198847 0.034615 0.057637
1 0.550962 0.167147 0.025000 0.046110
1 0.600962 0.174352 0.032692 0.043228
1 0.622115 0.247839 0.040385 0.074928
1 0.659615 0.308357 0.057692 0.126801
1 0.654808 0.220461 0.032692 0.060519
1 0.655769 0.185879 0.026923 0.048991
1 0.765385 0.291066 0.057692 0.092219
1 0.810577 0.273775 0.044231 0.097983
1 0.807692 0.213256 0.026923 0.051873
1 0.880769 0.265130 0.046154 0.086455
