1 0.278469 0.257167 0.015311 0.028668
1 0.293780 0.268128 0.017225 0.030354
1 0.371770 0.264755 0.014354 0.037099
1 0.360287 0.222597 0.014354 0.030354
1 0.366029 0.199831 0.016268 0.028668
1 0.407177 0.229342 0.023923 0.057336
1 0.440670 0.229342 0.018182 0.040472
1 0.466029 0.231029 0.017225 0.037099
1 0.444976 0.189713 0.011483 0.032040
1 0.409091 0.173693 0.012440 0.020236
1 0.397129 0.197302 0.013397 0.033727
1 0.462201 0.157673 0.013397 0.025295
1 0.465072 0.193929 0.015311 0.023609
1 0.518182 0.199831 0.020096 0.032040
1 0.485646 0.204047 0.014354 0.033727
1 0.488038 0.169477 0.015311 0.028668
1 0.503349 0.132378 0.009569 0.025295
1 0.540191 0.134064 0.012440 0.021922
1 0.551196 0.126476 0.011483 0.023609
1 0.561722 0.136594 0.011483 0.026981
1 0.585167 0.171164 0.014354 0.028668
1 0.538756 0.191400 0.015311 0.021922
1 0.524402 0.171164 0.011483 0.021922
1 0.599043 0.160202 0.013397 0.026981
1 0.579426 0.141653 0.012440 0.026981
1 0.583732 0.124789 0.013397 0.026981
1 0.592344 0.103710 0.011483 0.021922
1 0.606220 0.114671 0.012440 0.023609
1 0.637799 0.107083 0.010526 0.021922
1 0.638278 0.136594 0.011483 0.023609
1 0.648325 0.136594 0.012440 0.023609
1 0.664593 0.116358 0.012440 0.026981
1 0.695694 0.107083 0.011483 0.028668
1 0.613397 0.219224 0.019139 0.037099
1 0.522010 0.280776 0.020096 0.045531
1 0.558373 0.258853 0.018182 0.035413
1 0.560766 0.301012 0.021053 0.042159
1 0.601435 0.331366 0.023923 0.052277
1 0.609091 0.263912 0.020096 0.045531
1 0.670335 0.210793 0.016268 0.037099
1 0.653589 0.175379 0.015311 0.033727
1 0.671292 0.166948 0.012440 0.030354
1 0.685646 0.183811 0.014354 0.030354
1 0.692823 0.230185 0.019139 0.035413
1 0.677512 0.307757 0.028708 0.045531
1 0.743062 0.354975 0.031579 0.062395
1 0.785646 0.393761 0.028708 0.075885
1 0.887560 0.360877 0.027751 0.070826
1 0.906699 0.301012 0.022010 0.059022
1 0.906699 0.260540 0.018182 0.032040
1 0.916746 0.233558 0.017225 0.045531
1 0.912919 0.204047 0.017225 0.040472
1 0.917225 0.158516 0.012440 0.026981
1 0.811005 0.313659 0.025837 0.050590
1 0.762201 0.273187 0.023923 0.050590
1 0.723923 0.254637 0.023923 0.047218
1 0.722010 0.199831 0.020096 0.035413
1 0.760287 0.215852 0.018182 0.043845
1 0.775598 0.203204 0.014354 0.032040
1 0.798086 0.241990 0.022967 0.038786
1 0.815789 0.209106 0.016268 0.033727
1 0.867464 0.209106 0.014354 0.037099
1 0.861722 0.254637 0.018182 0.047218
1 0.888517 0.185497 0.014354 0.033727
1 0.881340 0.168634 0.013397 0.026981
1 0.888517 0.147555 0.016268 0.032040
1 0.848325 0.166948 0.012440 0.026981
1 0.853110 0.136594 0.012440 0.023609
1 0.821053 0.143339 0.013397 0.023609
1 0.825837 0.127319 0.011483 0.021922
1 0.791866 0.158516 0.014354 0.030354
1 0.772727 0.166948 0.014354 0.030354
1 0.743062 0.154300 0.014354 0.028668
1 0.759330 0.131535 0.012440 0.026981
1 0.735407 0.121417 0.014354 0.026981
