1 0.120085 0.551773 0.045299 0.079433
1 0.217521 0.334043 0.021368 0.035461
1 0.247863 0.339716 0.020513 0.043972
1 0.270085 0.378014 0.023932 0.038298
1 0.322222 0.368085 0.029060 0.049645
1 0.278632 0.309929 0.020513 0.038298
1 0.344872 0.324823 0.019658 0.031206
1 0.347436 0.295035 0.021368 0.028369
1 0.385043 0.260993 0.016239 0.034043
1 0.401282 0.296454 0.021368 0.036879
1 0.402564 0.329078 0.018803 0.039716
1 0.374359 0.336879 0.017094 0.032624
1 0.447863 0.331915 0.020513 0.039716
1 0.430769 0.307092 0.018803 0.032624
1 0.419658 0.259574 0.015385 0.028369
1 0.426496 0.291489 0.017094 0.032624
1 0.461966 0.242553 0.019658 0.031206
1 0.468376 0.265957 0.017094 0.035461
1 0.468376 0.304965 0.017094 0.036879
1 0.496581 0.326950 0.022222 0.038298
1 0.502564 0.256028 0.020513 0.029787
1 0.520513 0.274468 0.018803 0.032624
1 0.517949 0.247518 0.013675 0.029787
1 0.540171 0.251064 0.015385 0.036879
1 0.552137 0.227660 0.015385 0.026950
1 0.555128 0.278014 0.017949 0.036879
1 0.567094 0.225532 0.012821 0.022695
1 0.582479 0.232624 0.014530 0.025532
1 0.579487 0.258865 0.017094 0.032624
1 0.605556 0.223404 0.012821 0.026950
1 0.607265 0.206383 0.017949 0.026950
1 0.629060 0.212766 0.013675 0.025532
1 0.641880 0.222695 0.015385 0.028369
1 0.645299 0.243262 0.015385 0.029787
1 0.676923 0.228369 0.013675 0.028369
1 0.675641 0.207092 0.012821 0.022695
1 0.688034 0.223404 0.011966 0.029787
1 0.600427 0.256738 0.017949 0.031206
1 0.476923 0.397163 0.030769 0.059574
1 0.544017 0.404255 0.033333 0.056738
1 0.544872 0.356738 0.026496 0.043972
1 0.605556 0.328369 0.028205 0.038298
1 0.589744 0.394326 0.034188 0.048227
1 0.591880 0.457447 0.035043 0.069504
1 0.638889 0.456738 0.036752 0.059574
1 0.667521 0.365248 0.027350 0.046809
1 0.651709 0.345390 0.024786 0.046809
1 0.637607 0.300709 0.023932 0.045390
1 0.676923 0.278723 0.018803 0.035461
1 0.711111 0.247518 0.017094 0.032624
1 0.701709 0.296454 0.023932 0.048227
1 0.714103 0.300709 0.019658 0.039716
1 0.693162 0.363121 0.027350 0.056738
1 0.726923 0.399291 0.033333 0.052482
1 0.704274 0.541135 0.044444 0.080851
1 0.845299 0.503546 0.039316 0.073759
1 0.793590 0.415603 0.029915 0.062411
1 0.823504 0.360284 0.026496 0.045390
1 0.858120 0.387234 0.029060 0.056738
1 0.934615 0.461702 0.033333 0.058156
1 0.858120 0.451773 0.037607 0.063830
1 0.929487 0.387234 0.028205 0.051064
1 0.945726 0.351773 0.019658 0.045390
1 0.952137 0.323404 0.020513 0.036879
1 0.953846 0.275887 0.017094 0.035461
1 0.926068 0.307092 0.017949 0.038298
1 0.917949 0.277305 0.023932 0.038298
1 0.900427 0.317021 0.021368 0.041135
1 0.908974 0.356738 0.019658 0.041135
1 0.879487 0.331915 0.018803 0.042553
1 0.855128 0.309929 0.016239 0.038298
1 0.824786 0.302837 0.018803 0.035461
1 0.820940 0.285816 0.016239 0.038298
1 0.782051 0.278723 0.017094 0.032624
1 0.796154 0.263121 0.016239 0.032624
1 0.788889 0.235461 0.017094 0.031206
1 0.770513 0.262411 0.016239 0.034043
1 0.737179 0.255319 0.017949 0.036879
1 0.743590 0.238298 0.015385 0.031206
1 0.759402 0.231206 0.016239 0.031206
1 0.820085 0.243972 0.019658 0.036879
1 0.852991 0.257447 0.015385 0.032624
1 0.866667 0.270922 0.013675 0.039716
1 0.884188 0.263121 0.016239 0.032624
