1 0.124415 0.484323 0.052385 0.110561
1 0.256314 0.283003 0.016838 0.031353
1 0.268475 0.271452 0.016838 0.031353
1 0.289523 0.285479 0.019645 0.033003
1 0.302619 0.256601 0.015903 0.034653
1 0.312909 0.285479 0.017774 0.036304
1 0.313845 0.232673 0.015903 0.033003
1 0.336763 0.237624 0.016838 0.039604
1 0.341908 0.283003 0.023386 0.041254
1 0.363424 0.227723 0.017774 0.046205
1 0.372311 0.224422 0.014967 0.036304
1 0.401777 0.295380 0.027128 0.052805
1 0.401310 0.234323 0.016838 0.033003
1 0.391020 0.203795 0.016838 0.034653
1 0.411600 0.176568 0.016838 0.033003
1 0.434986 0.219472 0.018709 0.036304
1 0.462582 0.235974 0.021515 0.049505
1 0.454630 0.201320 0.022451 0.039604
1 0.431712 0.193894 0.015903 0.028053
1 0.449486 0.152640 0.015903 0.028053
1 0.475678 0.165017 0.017774 0.029703
1 0.476146 0.146865 0.013096 0.023102
1 0.485500 0.136964 0.011225 0.023102
1 0.507951 0.188944 0.013096 0.028053
1 0.515435 0.164191 0.016838 0.037954
1 0.531805 0.140264 0.015903 0.036304
1 0.540225 0.193069 0.019645 0.039604
1 0.553789 0.153465 0.018709 0.033003
1 0.572030 0.173267 0.023386 0.033003
1 0.561272 0.118812 0.016838 0.033003
1 0.587465 0.146865 0.016838 0.026403
1 0.618803 0.141089 0.015903 0.031353
1 0.594949 0.099010 0.014967 0.026403
1 0.626286 0.104785 0.012161 0.024752
1 0.651076 0.099010 0.011225 0.026403
1 0.649673 0.119637 0.012161 0.021452
1 0.666978 0.119637 0.014967 0.034653
1 0.697848 0.103960 0.016838 0.029703
1 0.560804 0.252475 0.023386 0.046205
1 0.485033 0.311881 0.025257 0.052805
1 0.543499 0.317657 0.029935 0.057756
1 0.585126 0.372937 0.036483 0.062706
1 0.672591 0.346535 0.029935 0.069307
1 0.611319 0.263201 0.025257 0.051155
1 0.611319 0.210396 0.023386 0.044554
1 0.646866 0.174092 0.019645 0.034653
1 0.663704 0.208746 0.021515 0.044554
1 0.662769 0.256601 0.023386 0.054455
1 0.684284 0.183168 0.019645 0.042904
1 0.701123 0.223597 0.021515 0.047855
1 0.725912 0.287129 0.028064 0.059406
1 0.751169 0.255776 0.020580 0.056106
1 0.782039 0.284653 0.024322 0.061056
1 0.728251 0.200495 0.021515 0.044554
1 0.683817 0.159241 0.024322 0.041254
1 0.718428 0.135314 0.016838 0.033003
1 0.729654 0.113036 0.014967 0.031353
1 0.744621 0.135314 0.013096 0.026403
1 0.741347 0.169142 0.015903 0.034653
1 0.766137 0.158416 0.016838 0.033003
1 0.767540 0.136964 0.015903 0.033003
1 0.750234 0.117987 0.013096 0.028053
1 0.776894 0.125413 0.012161 0.029703
1 0.797474 0.136964 0.015903 0.029703
1 0.802619 0.125413 0.013096 0.023102
1 0.832554 0.134488 0.014967 0.031353
1 0.816651 0.169142 0.016838 0.034653
1 0.798410 0.183168 0.015903 0.039604
1 0.818054 0.261551 0.023386 0.044554
1 0.846586 0.191419 0.016838 0.042904
1 0.865762 0.214521 0.019645 0.036304
1 0.884939 0.198020 0.022451 0.039604
1 0.864359 0.160891 0.016838 0.034653
1 0.864359 0.137789 0.011225 0.028053
1 0.890084 0.161716 0.019645 0.036304
1 0.898036 0.142739 0.014967 0.031353
1 0.923761 0.204620 0.019645 0.042904
1 0.927035 0.170792 0.016838 0.041254
1 0.923761 0.295380 0.028999 0.059406
