1 0.895833 0.257687 0.010417 0.029283
1 0.865017 0.259883 0.013021 0.033675
1 0.878906 0.265739 0.013021 0.027818
1 0.877604 0.278917 0.013889 0.033675
1 0.871094 0.323572 0.014757 0.038067
1 0.894097 0.338946 0.017361 0.048316
1 0.927083 0.298682 0.012153 0.029283
1 0.921441 0.323572 0.013021 0.035139
1 0.945312 0.324305 0.013889 0.039531
1 0.960503 0.375549 0.016493 0.045388
1 0.967882 0.303807 0.012153 0.030747
1 0.887153 0.401171 0.026042 0.055637
1 0.943142 0.484627 0.026910 0.067350
1 0.871094 0.467057 0.028646 0.058565
1 0.844618 0.515373 0.029514 0.070278
1 0.797309 0.437042 0.023438 0.062958
1 0.834201 0.361640 0.019097 0.046852
1 0.847222 0.344802 0.017361 0.045388
1 0.834635 0.300146 0.013021 0.035139
1 0.828559 0.243045 0.013021 0.029283
1 0.776910 0.232796 0.012153 0.029283
1 0.749566 0.242313 0.013021 0.030747
1 0.759115 0.255490 0.014757 0.039531
1 0.798177 0.244510 0.011285 0.029283
1 0.788628 0.288433 0.014757 0.035139
1 0.718316 0.259883 0.013021 0.033675
1 0.726128 0.300146 0.016493 0.040996
1 0.678385 0.209370 0.011285 0.026354
1 0.695312 0.218155 0.010417 0.026354
1 0.690104 0.228404 0.012153 0.029283
1 0.680122 0.282577 0.016493 0.038067
1 0.694444 0.316252 0.022569 0.043924
1 0.644097 0.305271 0.017361 0.039531
1 0.653212 0.365300 0.019965 0.051245
1 0.674913 0.378477 0.021701 0.062958
1 0.702691 0.366764 0.021701 0.054173
1 0.605903 0.335286 0.020833 0.049780
1 0.651476 0.254758 0.014757 0.038067
1 0.619358 0.197657 0.011285 0.020498
1 0.617622 0.226208 0.011285 0.024890
1 0.648003 0.222548 0.013021 0.026354
1 0.609375 0.250366 0.013889 0.029283
1 0.572049 0.218155 0.010417 0.023426
1 0.578125 0.248170 0.013889 0.030747
1 0.560764 0.278184 0.019097 0.040996
1 0.542535 0.254026 0.017361 0.030747
1 0.521701 0.242313 0.013889 0.033675
1 0.508681 0.270132 0.012153 0.030747
1 0.520833 0.278184 0.015625 0.035139
1 0.539931 0.367496 0.022569 0.049780
1 0.542101 0.419473 0.028646 0.062958
1 0.471788 0.411420 0.032118 0.073206
1 0.506510 0.328697 0.016493 0.033675
1 0.466146 0.319180 0.020833 0.038067
1 0.427083 0.260615 0.010417 0.026354
1 0.453125 0.262079 0.013889 0.032211
1 0.464844 0.270132 0.013021 0.030747
1 0.464844 0.243045 0.013021 0.029283
1 0.386719 0.262079 0.013021 0.029283
1 0.402344 0.308931 0.014757 0.032211
1 0.409722 0.330893 0.020833 0.038067
1 0.447483 0.348463 0.023438 0.043924
1 0.379774 0.343338 0.019965 0.042460
1 0.345052 0.300146 0.014757 0.032211
1 0.348524 0.333821 0.016493 0.038067
1 0.274306 0.318448 0.013889 0.033675
1 0.273872 0.387262 0.019965 0.042460
1 0.310330 0.393119 0.019965 0.045388
1 0.211372 0.347731 0.014757 0.036603
1 0.243056 0.376281 0.019097 0.049780
1 0.124566 0.557101 0.035590 0.074671
1 0.624566 0.382870 0.019965 0.045388
1 0.596788 0.461933 0.028646 0.068814
1 0.641493 0.485359 0.029514 0.062958
1 0.717448 0.542460 0.032118 0.077599
1 0.734375 0.412884 0.026042 0.058565
1 0.582465 0.217423 0.012153 0.021962
