1 0.071584 0.263415 0.108460 0.178862
1 0.089479 0.121951 0.053145 0.081301
1 0.047180 0.091870 0.037961 0.069919
1 0.163774 0.104878 0.036876 0.056911
1 0.225597 0.084553 0.049892 0.084553
1 0.327549 0.173984 0.075922 0.126829
1 0.465293 0.091057 0.049892 0.087805
1 0.565618 0.060163 0.037961 0.058537
1 0.597614 0.210569 0.082430 0.134959
1 0.632863 0.117886 0.042299 0.069919
1 0.672451 0.079675 0.045553 0.081301
1 0.820499 0.567480 0.220174 0.370732
1 0.881236 0.320325 0.146421 0.240650
1 0.844902 0.062602 0.041215 0.063415
