1 0.868000 0.474320 0.028000 0.054381
1 0.754000 0.593656 0.068000 0.117825
1 0.683000 0.551360 0.050000 0.081571
1 0.654000 0.548338 0.040000 0.063444
1 0.647000 0.506042 0.038000 0.063444
1 0.614000 0.515106 0.036000 0.051360
1 0.625000 0.492447 0.026000 0.048338
1 0.586000 0.493958 0.024000 0.045317
1 0.566000 0.493958 0.024000 0.045317
1 0.497000 0.654079 0.066000 0.111782
1 0.506000 0.598187 0.056000 0.096677
1 0.455000 0.563444 0.046000 0.063444
1 0.479000 0.534743 0.042000 0.066465
1 0.418000 0.500000 0.024000 0.033233
1 0.394000 0.509063 0.024000 0.033233
1 0.394000 0.487915 0.020000 0.033233
1 0.351000 0.516616 0.034000 0.048338
1 0.310000 0.563444 0.040000 0.069486
1 0.260000 0.592145 0.032000 0.066465
1 0.235000 0.595166 0.058000 0.084592
1 0.194000 0.616314 0.060000 0.084592
1 0.182000 0.655589 0.084000 0.114804
1 0.070000 0.572508 0.044000 0.087613
1 0.098000 0.583082 0.044000 0.066465
1 0.142000 0.574018 0.040000 0.054381
1 0.182000 0.545317 0.040000 0.051360
1 0.229000 0.542296 0.038000 0.051360
1 0.261000 0.528701 0.026000 0.048338
1 0.272000 0.522659 0.020000 0.042296
1 0.312000 0.496979 0.024000 0.033233
