1 0.214747 0.353377 0.042396 0.084020
1 0.278802 0.266063 0.019355 0.034596
1 0.329032 0.284185 0.020276 0.037891
1 0.339631 0.257825 0.013825 0.037891
1 0.420276 0.285832 0.023963 0.037891
1 0.361290 0.216639 0.016590 0.034596
1 0.376498 0.225700 0.013825 0.032949
1 0.380184 0.201812 0.015668 0.031301
1 0.416590 0.223229 0.014747 0.031301
1 0.437327 0.232290 0.017512 0.029654
1 0.458986 0.220758 0.011060 0.029654
1 0.462673 0.196046 0.018433 0.029654
1 0.435023 0.192751 0.014747 0.029654
1 0.418894 0.182867 0.015668 0.026359
1 0.449770 0.168863 0.012903 0.028007
1 0.439631 0.164745 0.011060 0.026359
1 0.467281 0.167216 0.014747 0.031301
1 0.484332 0.175453 0.013825 0.031301
1 0.479724 0.134267 0.010138 0.024712
1 0.505069 0.147446 0.012903 0.028007
1 0.524424 0.210049 0.016590 0.024712
1 0.537327 0.168863 0.012903 0.028007
1 0.562212 0.168040 0.014747 0.032949
1 0.526728 0.139209 0.013825 0.024712
1 0.550691 0.126853 0.011982 0.026359
1 0.583410 0.112850 0.012903 0.021417
1 0.604147 0.122735 0.013825 0.021417
1 0.679263 0.107908 0.012903 0.028007
1 0.475115 0.327842 0.024885 0.042834
1 0.542857 0.312191 0.023963 0.051071
1 0.561751 0.256178 0.019355 0.041186
1 0.600461 0.257002 0.021198 0.039539
1 0.611060 0.212521 0.023963 0.042834
1 0.659447 0.206755 0.017512 0.041186
1 0.674654 0.321252 0.027650 0.059308
1 0.589862 0.346787 0.023963 0.047776
1 0.703226 0.210873 0.018433 0.036244
1 0.704608 0.284185 0.024885 0.057661
1 0.670046 0.166392 0.016590 0.029654
1 0.700000 0.148270 0.017512 0.029654
1 0.694009 0.186985 0.014747 0.034596
1 0.744240 0.194399 0.017512 0.039539
1 0.731336 0.167216 0.011982 0.024712
1 0.741935 0.153213 0.011060 0.026359
1 0.726728 0.132619 0.010138 0.024712
1 0.743779 0.107908 0.012903 0.028007
1 0.758525 0.135091 0.012903 0.032949
1 0.789862 0.142504 0.014747 0.031301
1 0.801382 0.133443 0.011982 0.026359
1 0.791244 0.190280 0.017512 0.037891
1 0.764055 0.317957 0.025806 0.052718
1 0.810138 0.167216 0.012903 0.031301
1 0.838249 0.185338 0.013825 0.031301
1 0.863594 0.229819 0.022120 0.051071
1 0.913825 0.280066 0.023041 0.059308
1 0.909677 0.186985 0.016590 0.034596
1 0.883871 0.150741 0.012903 0.028007
1 0.895392 0.136738 0.013825 0.029654
1 0.862673 0.137562 0.011060 0.024712
1 0.854839 0.154036 0.013825 0.024712
1 0.825806 0.144152 0.012903 0.028007
1 0.838249 0.149918 0.013825 0.029654
1 0.829954 0.081549 0.011982 0.031301
