1 0.103383 0.375418 0.035714 0.081940
1 0.324718 0.192308 0.014098 0.026756
1 0.394267 0.160535 0.014098 0.033445
1 0.390977 0.235786 0.016917 0.043478
1 0.415414 0.255853 0.020677 0.043478
1 0.431861 0.146321 0.012218 0.025084
1 0.474154 0.223244 0.021617 0.038462
1 0.475564 0.130435 0.011278 0.016722
1 0.497180 0.126254 0.011278 0.021739
1 0.513628 0.188127 0.012218 0.035117
1 0.520677 0.162207 0.011278 0.023411
1 0.562970 0.255017 0.020677 0.045151
1 0.657425 0.137960 0.014098 0.028428
1 0.681861 0.118729 0.012218 0.030100
1 0.703477 0.116221 0.012218 0.028428
1 0.611842 0.242475 0.020677 0.050167
1 0.616071 0.301003 0.025376 0.060201
1 0.621711 0.204013 0.017857 0.036789
1 0.656015 0.189799 0.016917 0.038462
1 0.706297 0.157191 0.017857 0.036789
1 0.713816 0.182274 0.015977 0.036789
1 0.676222 0.336957 0.032895 0.071906
1 0.715226 0.294314 0.020677 0.056856
1 0.749060 0.198161 0.015038 0.035117
1 0.752350 0.248328 0.017857 0.055184
1 0.739192 0.168896 0.017857 0.036789
1 0.750470 0.138796 0.014098 0.026756
1 0.766447 0.154682 0.015977 0.035117
1 0.780075 0.132107 0.015038 0.036789
1 0.782895 0.178930 0.011278 0.033445
1 0.784774 0.220736 0.015038 0.036789
1 0.799342 0.163880 0.014098 0.033445
1 0.827538 0.183946 0.014098 0.033445
1 0.836466 0.146321 0.013158 0.031773
1 0.841635 0.259197 0.019737 0.040134
1 0.833177 0.241639 0.015977 0.038462
1 0.863252 0.180602 0.014098 0.033445
1 0.873120 0.285117 0.018797 0.048495
1 0.858553 0.336957 0.021617 0.055184
1 0.921523 0.312709 0.019737 0.040134
1 0.943609 0.238294 0.013158 0.031773
1 0.933271 0.165552 0.009398 0.023411
1 0.903195 0.183110 0.013158 0.031773
1 0.893797 0.213211 0.015038 0.035117
1 0.884868 0.249164 0.015977 0.036789
1 0.925752 0.191472 0.013158 0.031773
1 0.936090 0.188963 0.013158 0.036789
1 0.723214 0.158027 0.014098 0.035117
1 0.595865 0.105351 0.011278 0.023411
1 0.620301 0.104515 0.009398 0.021739
1 0.655075 0.102843 0.009398 0.025084
1 0.624060 0.124582 0.009398 0.021739
1 0.608083 0.149666 0.011278 0.028428
1 0.578008 0.143813 0.011278 0.033445
1 0.579887 0.172241 0.015038 0.033445
1 0.547462 0.165552 0.012218 0.033445
1 0.547932 0.145485 0.013158 0.026756
1 0.549342 0.121237 0.010338 0.021739
1 0.553102 0.189799 0.017857 0.041806
1 0.466165 0.168896 0.015038 0.036789
1 0.470865 0.182274 0.015038 0.030100
1 0.484962 0.159699 0.013158 0.031773
1 0.449248 0.199833 0.015038 0.038462
1 0.429981 0.175585 0.014098 0.033445
1 0.376410 0.194816 0.015977 0.028428
1 0.393797 0.205686 0.016917 0.036789
1 0.420113 0.209866 0.015038 0.035117
1 0.460056 0.147993 0.010338 0.025084
