1 0.204057 0.110526 0.011933 0.031579
1 0.357597 0.085088 0.015115 0.036842
1 0.223548 0.130702 0.015911 0.033333
1 0.158313 0.150000 0.012729 0.036842
1 0.050517 0.209649 0.016706 0.043860
1 0.122912 0.210526 0.016706 0.042105
1 0.257757 0.124561 0.017502 0.042105
1 0.387430 0.089474 0.011138 0.028070
1 0.404137 0.084211 0.009547 0.028070
1 0.490056 0.078070 0.007955 0.026316
1 0.535402 0.077193 0.009547 0.024561
1 0.187749 0.193860 0.022275 0.043860
1 0.177009 0.265789 0.019889 0.047368
1 0.060859 0.400877 0.019889 0.064912
1 0.073588 0.480702 0.024662 0.063158
1 0.128083 0.585088 0.033413 0.078947
1 0.206842 0.438596 0.025457 0.056140
1 0.209228 0.339474 0.022275 0.068421
1 0.245028 0.275439 0.015911 0.045614
1 0.289578 0.203509 0.019093 0.052632
1 0.292363 0.164912 0.018298 0.035088
1 0.308274 0.230702 0.018298 0.033333
1 0.353620 0.222807 0.013524 0.045614
1 0.373508 0.164912 0.010342 0.035088
1 0.414081 0.162281 0.016706 0.040351
1 0.459825 0.128070 0.012729 0.035088
1 0.543755 0.466667 0.029435 0.070175
1 0.472951 0.214912 0.015115 0.050877
1 0.481305 0.264035 0.020684 0.047368
1 0.537788 0.300000 0.017502 0.049123
1 0.504773 0.175439 0.010342 0.031579
1 0.476531 0.116667 0.012729 0.026316
1 0.505569 0.100000 0.011933 0.021053
1 0.594272 0.125439 0.012729 0.033333
1 0.566428 0.198246 0.017502 0.038596
1 0.608194 0.232456 0.015115 0.043860
1 0.672235 0.326316 0.017502 0.049123
1 0.704853 0.267544 0.019093 0.040351
1 0.646380 0.149123 0.008751 0.028070
1 0.614956 0.108772 0.014320 0.028070
1 0.762928 0.205263 0.015911 0.038596
1 0.803898 0.225439 0.013524 0.040351
1 0.846858 0.267544 0.015115 0.040351
1 0.861973 0.300877 0.013524 0.043860
1 0.916468 0.364035 0.019093 0.043860
1 0.695306 0.207895 0.017502 0.043860
1 0.717979 0.212281 0.013524 0.031579
1 0.778043 0.367544 0.023866 0.050877
1 0.041368 0.235965 0.015911 0.054386
1 0.464598 0.157895 0.015911 0.031579
