1 0.177435 0.479557 0.046287 0.090290
1 0.390550 0.271721 0.019286 0.035775
1 0.399711 0.223169 0.016393 0.030664
1 0.458534 0.224020 0.020251 0.042589
1 0.416104 0.162692 0.016393 0.032368
1 0.361138 0.195911 0.018322 0.023850
1 0.358245 0.231687 0.016393 0.034072
1 0.485053 0.140545 0.013500 0.028961
1 0.511090 0.127768 0.013500 0.034072
1 0.531823 0.120102 0.016393 0.025554
1 0.565092 0.127768 0.011572 0.030664
1 0.584378 0.123509 0.017358 0.028961
1 0.561716 0.178876 0.016393 0.030664
1 0.477821 0.339012 0.027965 0.047700
1 0.533751 0.324532 0.022179 0.049404
1 0.604629 0.260647 0.023144 0.057922
1 0.654291 0.224872 0.026037 0.047700
1 0.686114 0.342419 0.035680 0.068143
1 0.702025 0.254685 0.025072 0.063032
1 0.766635 0.274276 0.027001 0.064736
1 0.823047 0.304089 0.024108 0.063032
1 0.899711 0.294719 0.023144 0.057922
1 0.924301 0.154174 0.012536 0.032368
1 0.898264 0.147359 0.014465 0.028961
1 0.869817 0.120954 0.013500 0.030664
1 0.830280 0.078365 0.017358 0.030664
