1 0.076770 0.508523 0.038982 0.096591
1 0.286794 0.256392 0.016706 0.038352
1 0.301909 0.246449 0.018298 0.035511
1 0.319411 0.252131 0.016706 0.038352
1 0.331742 0.262784 0.020684 0.045455
1 0.338107 0.215909 0.019093 0.039773
1 0.374304 0.262074 0.023071 0.049716
1 0.399761 0.239347 0.021480 0.046875
1 0.417263 0.262784 0.024662 0.056818
1 0.449085 0.227273 0.021480 0.039773
1 0.431185 0.223722 0.019093 0.044034
1 0.468576 0.223722 0.019093 0.046875
1 0.406523 0.191761 0.019093 0.036932
1 0.424423 0.175426 0.016706 0.035511
1 0.429196 0.156960 0.016706 0.029830
1 0.446698 0.149148 0.016706 0.031250
1 0.464598 0.164062 0.015911 0.032670
1 0.480907 0.193892 0.016706 0.032670
1 0.511933 0.181818 0.016706 0.036932
1 0.535004 0.194602 0.016706 0.031250
1 0.536993 0.161222 0.014320 0.035511
1 0.496818 0.126420 0.010342 0.028409
1 0.508353 0.141335 0.014320 0.035511
1 0.530231 0.130682 0.015115 0.028409
1 0.552108 0.137074 0.019093 0.032670
1 0.578759 0.146307 0.018298 0.039773
1 0.595863 0.160511 0.015911 0.039773
1 0.603421 0.142045 0.015115 0.036932
1 0.589499 0.105114 0.011138 0.025568
1 0.608990 0.101562 0.011933 0.021307
1 0.616945 0.128551 0.015115 0.024148
1 0.640414 0.115767 0.017502 0.035511
1 0.669053 0.115767 0.014320 0.032670
1 0.498409 0.294744 0.031026 0.055398
1 0.544551 0.302557 0.029435 0.056818
1 0.576770 0.239347 0.022275 0.046875
1 0.610581 0.209517 0.019889 0.041193
1 0.635640 0.240057 0.022275 0.048295
1 0.654336 0.254261 0.023071 0.051136
1 0.649960 0.206676 0.025457 0.046875
1 0.651551 0.165483 0.015911 0.035511
1 0.684964 0.159801 0.017502 0.038352
1 0.696500 0.178267 0.018298 0.041193
1 0.715990 0.146307 0.017502 0.039773
1 0.684964 0.306108 0.033413 0.066761
1 0.705251 0.230114 0.023071 0.048295
1 0.727526 0.263494 0.023071 0.058239
1 0.747017 0.240057 0.022275 0.053977
1 0.772872 0.323864 0.029435 0.079545
1 0.736277 0.186080 0.019889 0.045455
1 0.746619 0.141335 0.016706 0.035511
1 0.760541 0.176847 0.015911 0.032670
1 0.766905 0.118608 0.015911 0.035511
1 0.782816 0.142045 0.015911 0.036932
1 0.793954 0.127131 0.015911 0.038352
1 0.801909 0.174716 0.019093 0.036932
1 0.784805 0.192472 0.019889 0.044034
1 0.818616 0.156250 0.014320 0.039773
1 0.843675 0.174716 0.015115 0.036932
1 0.867542 0.141335 0.016706 0.041193
1 0.836118 0.154830 0.011138 0.025568
1 0.838107 0.203835 0.016706 0.041193
1 0.806285 0.229403 0.026253 0.055398
1 0.799920 0.266335 0.027844 0.058239
1 0.853222 0.306108 0.029435 0.061080
1 0.861973 0.251420 0.023071 0.048295
1 0.877486 0.213778 0.019093 0.044034
1 0.885044 0.183949 0.018298 0.041193
1 0.902148 0.250000 0.022275 0.051136
