1 0.324727 0.216814 0.019861 0.037168
1 0.357994 0.210619 0.018868 0.038938
1 0.376862 0.175221 0.020854 0.038938
1 0.412612 0.172566 0.018868 0.033628
1 0.438431 0.178761 0.018868 0.035398
1 0.463257 0.207965 0.022840 0.044248
1 0.469215 0.165487 0.020854 0.040708
1 0.441410 0.154867 0.016882 0.026549
1 0.437438 0.147788 0.014896 0.033628
1 0.472195 0.135398 0.014896 0.026549
1 0.502483 0.185841 0.017875 0.038938
1 0.495035 0.170796 0.016882 0.033628
1 0.496028 0.141593 0.014896 0.024779
1 0.497517 0.126549 0.011917 0.023009
1 0.518868 0.138053 0.014896 0.028319
1 0.526812 0.124779 0.014896 0.026549
1 0.539225 0.146903 0.015889 0.035398
1 0.545184 0.192920 0.017875 0.042478
1 0.524826 0.172566 0.016882 0.030088
1 0.548659 0.169912 0.018868 0.035398
1 0.580437 0.181416 0.016882 0.037168
1 0.570506 0.148673 0.016882 0.035398
1 0.554618 0.136283 0.012910 0.028319
1 0.579444 0.121239 0.014896 0.030088
1 0.594340 0.139823 0.014896 0.031858
1 0.610725 0.104425 0.013903 0.024779
1 0.619166 0.167257 0.018868 0.037168
1 0.622145 0.144248 0.014896 0.023009
1 0.625621 0.125664 0.013903 0.028319
1 0.571500 0.235398 0.024826 0.060177
1 0.619662 0.221239 0.021847 0.046018
1 0.655412 0.189381 0.017875 0.042478
1 0.667329 0.236283 0.021847 0.051327
1 0.697617 0.242478 0.024826 0.060177
1 0.658888 0.113274 0.012910 0.021239
1 0.673287 0.111504 0.011917 0.028319
1 0.653923 0.142478 0.012910 0.026549
1 0.664846 0.139823 0.012910 0.028319
1 0.682224 0.147788 0.013903 0.023009
1 0.702085 0.119469 0.013903 0.026549
1 0.720457 0.147788 0.016882 0.033628
1 0.709037 0.192920 0.017875 0.035398
1 0.693148 0.178761 0.015889 0.035398
1 0.733863 0.176106 0.013903 0.033628
1 0.738828 0.146018 0.015889 0.033628
1 0.758193 0.138053 0.012910 0.028319
1 0.774081 0.188496 0.018868 0.047788
1 0.778054 0.147788 0.014896 0.030088
1 0.789970 0.168142 0.018868 0.038938
1 0.794439 0.138053 0.013903 0.031858
1 0.806852 0.159292 0.016882 0.035398
1 0.823237 0.133628 0.015889 0.033628
1 0.823237 0.187611 0.017875 0.042478
1 0.799901 0.207965 0.016882 0.040708
1 0.760179 0.323009 0.040715 0.090265
1 0.853525 0.206195 0.018868 0.051327
1 0.853029 0.144248 0.017875 0.033628
1 0.874876 0.155752 0.015889 0.031858
1 0.878848 0.230973 0.017875 0.044248
1 0.870407 0.269027 0.020854 0.049558
1 0.928997 0.258407 0.018868 0.049558
1 0.931480 0.215044 0.021847 0.037168
1 0.933466 0.190265 0.015889 0.030088
1 0.937934 0.165487 0.012910 0.026549
1 0.914101 0.181416 0.016882 0.040708
