1 0.459000 0.341333 0.034000 0.053333
1 0.882000 0.396000 0.072000 0.098667
1 0.958000 0.662667 0.084000 0.146667
1 0.700000 0.700000 0.088000 0.141333
1 0.635000 0.889333 0.162000 0.200000
1 0.690000 0.578667 0.076000 0.101333
1 0.717000 0.528000 0.050000 0.058667
1 0.742000 0.481333 0.040000 0.061333
1 0.821000 0.478667 0.042000 0.066667
1 0.813000 0.422667 0.046000 0.050667
1 0.490000 0.480000 0.044000 0.064000
1 0.448000 0.504000 0.036000 0.048000
1 0.423000 0.477333 0.034000 0.048000
1 0.362000 0.542667 0.056000 0.077333
1 0.355000 0.492000 0.046000 0.056000
1 0.266000 0.609333 0.072000 0.093333
1 0.263000 0.518667 0.050000 0.077333
1 0.191000 0.485333 0.046000 0.048000
1 0.170000 0.681333 0.096000 0.130667
1 0.141000 0.570667 0.074000 0.090667
1 0.127000 0.465333 0.046000 0.050667
1 0.107000 0.492000 0.042000 0.056000
1 0.024000 0.500000 0.032000 0.056000
