1 0.140581 0.433278 0.048735 0.085667
1 0.256326 0.264415 0.019681 0.034596
1 0.313496 0.235585 0.023430 0.029654
1 0.302249 0.266063 0.023430 0.044481
1 0.275539 0.269357 0.026242 0.037891
1 0.333177 0.214168 0.019681 0.026359
1 0.358950 0.198517 0.020619 0.028007
1 0.388004 0.177924 0.016870 0.029654
1 0.448454 0.167216 0.017807 0.041186
1 0.489222 0.132619 0.016870 0.028007
1 0.499063 0.153213 0.019681 0.036244
1 0.409560 0.190280 0.014995 0.028007
1 0.395501 0.219110 0.024367 0.036244
1 0.366448 0.254530 0.035614 0.041186
1 0.388941 0.288303 0.026242 0.046129
1 0.432990 0.244646 0.026242 0.047776
1 0.469072 0.239703 0.021556 0.041186
1 0.437676 0.202636 0.026242 0.042834
1 0.509841 0.194399 0.024367 0.042834
1 0.530459 0.210873 0.024367 0.049423
1 0.541237 0.157331 0.023430 0.034596
1 0.570291 0.121911 0.019681 0.036244
1 0.563730 0.151565 0.021556 0.039539
1 0.580600 0.173806 0.014058 0.024712
1 0.557170 0.255354 0.027179 0.052718
1 0.492502 0.313015 0.030928 0.059308
1 0.567948 0.293245 0.031865 0.065898
1 0.621368 0.156507 0.020619 0.036244
1 0.635426 0.127677 0.014995 0.021417
1 0.675258 0.118616 0.014058 0.029654
1 0.658857 0.184514 0.014995 0.036244
1 0.626992 0.201812 0.020619 0.041186
1 0.621368 0.249588 0.022493 0.041186
1 0.664011 0.220758 0.027179 0.052718
1 0.677132 0.260297 0.027179 0.056013
1 0.689784 0.200988 0.022493 0.046129
1 0.708529 0.154036 0.018744 0.034596
1 0.740394 0.128501 0.018744 0.032949
1 0.718838 0.179572 0.018744 0.029654
1 0.723524 0.228171 0.020619 0.054366
1 0.734302 0.265239 0.027179 0.059308
1 0.777882 0.280890 0.024367 0.067545
1 0.755389 0.225700 0.024367 0.042834
1 0.765698 0.170511 0.016870 0.031301
1 0.767104 0.139209 0.015933 0.034596
1 0.809747 0.126030 0.014995 0.037891
1 0.788191 0.155684 0.018744 0.034596
1 0.779756 0.202636 0.018744 0.042834
1 0.808341 0.183690 0.021556 0.034596
1 0.840675 0.143328 0.024367 0.042834
1 0.832709 0.214168 0.019681 0.042834
1 0.838332 0.318781 0.025305 0.074135
1 0.850047 0.198517 0.018744 0.037891
1 0.856139 0.166392 0.015933 0.039539
1 0.895970 0.149918 0.020619 0.029654
1 0.894564 0.185338 0.021556 0.041186
1 0.864105 0.263591 0.028116 0.046129
1 0.918463 0.258649 0.024367 0.049423
1 0.924555 0.232290 0.015933 0.049423
1 0.475164 0.198517 0.026242 0.044481
1 0.348641 0.234761 0.020619 0.028007
1 0.315370 0.290774 0.023430 0.044481
1 0.889410 0.204283 0.016870 0.042834
